
1
0 , 0
0 , 0
0 , 0
0 , 0
0 , 0
0 , 0
0 , 0
0 , 0
0 , 0
0 , 0
0 , 0
0 , 0
0 , 0
0 , 0
0 , 0
0 , 0
0 , 0
0 , 0
0 , 0
0 , 0
0 , 0
0 , 0
0 , 0
0 , 0
0 , 0
0 , 0
0 , 0
0 , 0
0 , 0
0 , 0
0 , 0
0 , 0
0 , 0
0 , 0
0 , 0
0 , 0
0 , 0
0 , 0
6.65473e-05 , 0
0.00339078 , 0
0.0413051 , 0
0.263795 , 0
0.921749 , 0
2.05551 , 0
3.31725 , 0
4.24175 , 0
4.49169 , 0
4.13875 , 0
3.36722 , 0
2.48453 , 0
1.68884 , 0
1.03886 , 0
0.614056 , 0
0.328702 , 0
0.166236 , 0
0.0857409 , 0
0.0469992 , 0
0.0416094 , 0
0.0571993 , 0
0.10283 , 0
0.169356 , 0
0.287996 , 0
0.419746 , 0
0.584939 , 0
0.747547 , 0
0.87016 , 0
0.91737 , 0
0.869602 , 0
0.76802 , 0
0.598055 , 0
0.446684 , 0
0.303525 , 0
0.207116 , 0
0.181654 , 0
0.239795 , 0
0.418177 , 0
0.717959 , 0
1.14179 , 0
1.64161 , 0
2.11682 , 0
2.46003 , 0
2.59553 , 0
2.42735 , 0
2.07876 , 0
1.61032 , 0
1.14806 , 0
0.77727 , 0
0.522889 , 0
0.416136 , 0
0.447033 , 0
0.559441 , 0
0.726618 , 0
0.879119 , 0
0.962707 , 0
0.977444 , 0
0.888468 , 0
0.743025 , 0
0.625145 , 0
0.550309 , 0
0.554724 , 0

2
0 , 0
0 , 0
0 , 0
0 , 0
0 , 0
0 , 0
0 , 0
0 , 0
0 , 0
0 , 0
0 , 0
0 , 0
0 , 0
0 , 0
0 , 0
0 , 0
0 , 0
0 , 0
0 , 0
0 , 0
0 , 0
0 , 0
0 , 0
0 , 0
0 , 0
0 , 0
0 , 0
0 , 0
0 , 0
0 , 0
0 , 0
0 , 0
0 , 0
0 , 0
0 , 0
0 , 0
0 , 0
0 , 0
6.65473e-05 , 0
0.00358091 , 0.000190137
0.0439943 , 0.00268921
0.26939 , 0.00559547
0.925359 , 0.00361049
2.0608 , 0.00528575
3.33618 , 0.0189309
4.23639 , 0.005358
4.48517 , 0.00651989
4.11835 , 0.0204034
3.3511 , 0.0161257
2.47863 , 0.0059059
1.67931 , 0.00953448
1.04459 , 0.00573003
0.618402 , 0.00434569
0.334912 , 0.00621045
0.173194 , 0.00695855
0.0883739 , 0.00263297
0.0484824 , 0.00148318
0.0437369 , 0.00212749
0.0595329 , 0.0023336
0.102599 , 0.000230883
0.172654 , 0.00329743
0.284869 , 0.00312671
0.423806 , 0.00406037
0.586529 , 0.0015902
0.748973 , 0.00142549
0.865979 , 0.00418064
0.91288 , 0.00448984
0.867009 , 0.00259321
0.761404 , 0.00661613
0.597067 , 0.000987541
0.445339 , 0.00134468
0.305541 , 0.00201555
0.212598 , 0.00548224
0.187332 , 0.00567789
0.246108 , 0.00631382
0.420363 , 0.00218544
0.722918 , 0.00495993
1.14697 , 0.00518136
1.64758 , 0.00597568
2.11977 , 0.00294168
2.45233 , 0.00770624
2.57286 , 0.0226701
2.41489 , 0.0124595
2.06609 , 0.0126663
1.61425 , 0.00393174
1.14765 , 0.000409902
0.777859 , 0.000588841
0.529355 , 0.00646619
0.423567 , 0.00743029
0.449513 , 0.00248051
0.56841 , 0.00896872
0.728931 , 0.00231309
0.87914 , 2.13911e-05
0.961513 , 0.00119389
0.973772 , 0.00367194
0.879339 , 0.00912886
0.745089 , 0.00206454
0.627468 , 0.0023237
0.556051 , 0.00574151
0.560355 , 0.00563158

3
0 , 0
0 , 0
0 , 0
0 , 0
0 , 0
0 , 0
0 , 0
0 , 0
0 , 0
0 , 0
0 , 0
0 , 0
0 , 0
0 , 0
0 , 0
0 , 0
0 , 0
0 , 0
0 , 0
0 , 0
0 , 0
0 , 0
0 , 0
0 , 0
0 , 0
0 , 0
0 , 0
0 , 0
0 , 0
0 , 0
0 , 0
0 , 0
0 , 0
0 , 0
0 , 0
0 , 0
0 , 0
0 , 0
8.87297e-05 , 2.21824e-05
0.00369711 , 0.00015985
0.0432489 , 0.00172224
0.272255 , 0.00431797
0.929741 , 0.00485271
2.07642 , 0.0159153
3.33511 , 0.0109819
4.23161 , 0.00569153
4.47921 , 0.00705176
4.10972 , 0.0146015
3.34175 , 0.0131939
2.47347 , 0.00618336
1.67913 , 0.00550773
1.05036 , 0.00664952
0.617982 , 0.00254382
0.338884 , 0.00535099
0.175029 , 0.00441679
0.089169 , 0.00171554
0.0492213 , 0.00113106
0.0435416 , 0.00124373
0.060261 , 0.00153149
0.103681 , 0.00109044
0.174852 , 0.00290806
0.284788 , 0.00180704
0.425247 , 0.00275168
0.586177 , 0.000983255
0.746601 , 0.00251043
0.863416 , 0.00352099
0.912089 , 0.0027102
0.867734 , 0.00166351
0.757039 , 0.00580037
0.601489 , 0.0044583
0.443949 , 0.00159183
0.306303 , 0.0013914
0.214822 , 0.00386842
0.188389 , 0.00344415
0.248446 , 0.0043305
0.422076 , 0.00212746
0.722954 , 0.00286384
1.15036 , 0.00452185
1.64795 , 0.00346946
2.11951 , 0.00171737
2.44771 , 0.00640942
2.56631 , 0.0146346
2.41319 , 0.00739096
2.06419 , 0.00755571
1.61257 , 0.00282704
1.14896 , 0.00132936
0.779526 , 0.00170096
0.529753 , 0.00375435
0.428123 , 0.00625775
0.452294 , 0.00312754
0.569543 , 0.00530066
0.727912 , 0.00167963
0.877956 , 0.00118472
0.961171 , 0.000769522
0.970364 , 0.00401374
0.877739 , 0.00550804
0.746816 , 0.00209841
0.628414 , 0.00164127
0.555776 , 0.00332622
0.562146 , 0.00371188

4
0 , 0
0 , 0
0 , 0
0 , 0
0 , 0
0 , 0
0 , 0
0 , 0
0 , 0
0 , 0
0 , 0
0 , 0
0 , 0
0 , 0
0 , 0
0 , 0
0 , 0
0 , 0
0 , 0
0 , 0
0 , 0
0 , 0
0 , 0
0 , 0
0 , 0
0 , 0
0 , 0
0 , 0
0 , 0
0 , 0
0 , 0
0 , 0
0 , 0
0 , 0
0 , 0
0 , 0
0 , 0
0 , 0
8.31841e-05 , 1.66368e-05
0.0033987 , 0.000319099
0.0440547 , 0.00146024
0.273349 , 0.00324321
0.930327 , 0.00348101
2.07271 , 0.0118498
3.32868 , 0.0100848
4.23184 , 0.00403107
4.47977 , 0.00501799
4.11118 , 0.0104268
3.35044 , 0.0127501
2.47682 , 0.00550965
1.6782 , 0.0040023
1.05251 , 0.00517014
0.615103 , 0.00339451
0.337318 , 0.00409523
0.172592 , 0.00396191
0.0878539 , 0.00178915
0.048586 , 0.00102138
0.0435981 , 0.000881267
0.0590706 , 0.00160929
0.102758 , 0.0012031
0.174341 , 0.00211888
0.284876 , 0.00128079
0.426194 , 0.00216385
0.589598 , 0.00349098
0.746822 , 0.00178887
0.864188 , 0.00260685
0.912238 , 0.00192213
0.869466 , 0.00209415
0.756221 , 0.00418227
0.602443 , 0.0032936
0.442408 , 0.00190839
0.30504 , 0.00160089
0.213675 , 0.00296623
0.187416 , 0.00262243
0.24817 , 0.0030746
0.42056 , 0.0021352
0.722794 , 0.0020313
1.14809 , 0.00392404
1.64524 , 0.00365387
2.12215 , 0.00290937
2.45254 , 0.006622
2.5665 , 0.0103499
2.41652 , 0.00619841
2.06694 , 0.00600777
1.61394 , 0.0024242
1.14818 , 0.00122299
0.776915 , 0.0028746
0.528612 , 0.00288921
0.42668 , 0.00465399
0.450383 , 0.00292219
0.566605 , 0.00476272
0.727642 , 0.0012181
0.878272 , 0.000895624
0.962863 , 0.00177696
0.97246 , 0.00352781
0.878543 , 0.00397676
0.748854 , 0.00252079
0.628145 , 0.00119127
0.554147 , 0.00286091
0.559806 , 0.00351654

5
0 , 0
0 , 0
0 , 0
0 , 0
0 , 0
0 , 0
0 , 0
0 , 0
0 , 0
0 , 0
0 , 0
0 , 0
0 , 0
0 , 0
0 , 0
0 , 0
0 , 0
0 , 0
0 , 0
0 , 0
0 , 0
0 , 0
0 , 0
0 , 0
0 , 0
0 , 0
0 , 0
0 , 0
0 , 0
0 , 0
0 , 0
0 , 0
0 , 0
0 , 0
0 , 0
0 , 0
0 , 0
0 , 0
8.65115e-05 , 1.33095e-05
0.00340345 , 0.000247219
0.0440245 , 0.0011315
0.271352 , 0.00320944
0.925855 , 0.00522179
2.06826 , 0.0102012
3.32294 , 0.00969292
4.2325 , 0.00319053
4.48992 , 0.0108709
4.11604 , 0.00942624
3.35819 , 0.0125555
2.47947 , 0.00502327
1.68289 , 0.00562204
1.05073 , 0.00438255
0.611553 , 0.00441775
0.334053 , 0.00455201
0.170852 , 0.00352766
0.0862559 , 0.0021152
0.0474202 , 0.00140891
0.041779 , 0.00194302
0.0578017 , 0.00177879
0.101009 , 0.00198173
0.172721 , 0.00230617
0.282969 , 0.00214977
0.425264 , 0.0019169
0.588623 , 0.00287455
0.748967 , 0.00255313
0.866746 , 0.00325856
0.915839 , 0.00389736
0.87468 , 0.00546007
0.759954 , 0.0049423
0.602714 , 0.00256559
0.44236 , 0.00147902
0.301466 , 0.00378344
0.211157 , 0.00340829
0.184375 , 0.00365662
0.244784 , 0.00413918
0.416603 , 0.0042887
0.718022 , 0.00502486
1.14577 , 0.00382375
1.64443 , 0.00294327
2.12393 , 0.00286783
2.45956 , 0.00869707
2.57473 , 0.0114891
2.4245 , 0.00931453
2.07291 , 0.00757412
1.61304 , 0.00208175
1.14742 , 0.0012129
0.774038 , 0.0036377
0.523737 , 0.00536495
0.422894 , 0.00522834
0.446647 , 0.00436883
0.564461 , 0.0042666
0.726932 , 0.00118037
0.879185 , 0.00114626
0.96519 , 0.00270338
0.974999 , 0.00373052
0.879569 , 0.00324685
0.74931 , 0.00200499
0.626072 , 0.00226922
0.551336 , 0.00357972
0.556359 , 0.00439336

6
0 , 0
0 , 0
0 , 0
0 , 0
0 , 0
0 , 0
0 , 0
0 , 0
0 , 0
0 , 0
0 , 0
0 , 0
0 , 0
0 , 0
0 , 0
0 , 0
0 , 0
0 , 0
0 , 0
0 , 0
0 , 0
0 , 0
0 , 0
0 , 0
0 , 0
0 , 0
0 , 0
0 , 0
0 , 0
0 , 0
0 , 0
0 , 0
0 , 0
0 , 0
0 , 0
0 , 0
0 , 0
0 , 0
8.31841e-05 , 1.13651e-05
0.00327986 , 0.000236683
0.0437223 , 0.000972024
0.270578 , 0.00273239
0.924326 , 0.00452967
2.06636 , 0.00854124
3.32227 , 0.00794224
4.23373 , 0.00288309
4.49144 , 0.00900533
4.11839 , 0.0080492
3.36201 , 0.0109402
2.47917 , 0.00411282
1.68239 , 0.00461792
1.05026 , 0.00360846
0.609637 , 0.00408461
0.333607 , 0.00374335
0.170778 , 0.00288128
0.0868909 , 0.00184009
0.047459 , 0.00115103
0.0414835 , 0.00161375
0.0576292 , 0.00146258
0.100622 , 0.00166365
0.172428 , 0.00190563
0.283419 , 0.001812
0.42467 , 0.00167402
0.589277 , 0.00243644
0.748391 , 0.00216272
0.86764 , 0.00280692
0.913898 , 0.00372761
0.873649 , 0.00457576
0.7611 , 0.00419516
0.603781 , 0.00235084
0.442418 , 0.001209
0.302513 , 0.00326177
0.210733 , 0.00281505
0.184265 , 0.00298766
0.244902 , 0.00338169
0.416257 , 0.00351881
0.716865 , 0.00426297
1.14483 , 0.00326114
1.64457 , 0.00240722
2.12345 , 0.00238974
2.46082 , 0.00721196
2.57497 , 0.009384
2.42539 , 0.00765662
2.07395 , 0.00627125
1.61197 , 0.0020057
1.14841 , 0.00139925
0.773766 , 0.0029826
0.523326 , 0.00439965
0.42267 , 0.00427475
0.446564 , 0.00356809
0.565245 , 0.00357069
0.726325 , 0.00113901
0.878777 , 0.00102109
0.965906 , 0.00232063
0.974691 , 0.00306154
0.878768 , 0.00276938
0.748541 , 0.00180869
0.626423 , 0.00188573
0.552168 , 0.00303899
0.556319 , 0.00358738

7
0 , 0
0 , 0
0 , 0
0 , 0
0 , 0
0 , 0
0 , 0
0 , 0
0 , 0
0 , 0
0 , 0
0 , 0
0 , 0
0 , 0
0 , 0
0 , 0
0 , 0
0 , 0
0 , 0
0 , 0
0 , 0
0 , 0
0 , 0
0 , 0
0 , 0
0 , 0
0 , 0
0 , 0
0 , 0
0 , 0
0 , 0
0 , 0
0 , 0
0 , 0
0 , 0
0 , 0
0 , 0
0 , 0
7.13007e-05 , 1.528e-05
0.00334551 , 0.000210529
0.0435367 , 0.000842218
0.271689 , 0.002563
0.922792 , 0.00412401
2.06323 , 0.0078704
3.32182 , 0.00672778
4.23443 , 0.00253309
4.49462 , 0.00824506
4.12036 , 0.00708224
3.36391 , 0.00943935
2.47834 , 0.00357289
1.67958 , 0.00481054
1.05003 , 0.00305869
0.609302 , 0.00346831
0.33344 , 0.0031681
0.171512 , 0.00254321
0.0867644 , 0.0015603
0.0477715 , 0.00102176
0.0414618 , 0.00136404
0.0578895 , 0.0012632
0.101059 , 0.0014724
0.173093 , 0.00174245
0.283537 , 0.00153598
0.424287 , 0.00146572
0.588148 , 0.00234817
0.748163 , 0.001842
0.866359 , 0.00269613
0.913173 , 0.00323282
0.873804 , 0.00387032
0.762026 , 0.00366444
0.604069 , 0.00200755
0.442825 , 0.00110012
0.302509 , 0.0027567
0.211096 , 0.00240663
0.185016 , 0.00263446
0.245545 , 0.00292941
0.417043 , 0.00307601
0.718152 , 0.00382598
1.14379 , 0.00294562
1.64395 , 0.00212786
2.12217 , 0.00238931
2.45906 , 0.00634497
2.57458 , 0.0079408
2.42578 , 0.00648282
2.07348 , 0.00532175
1.61285 , 0.00190979
1.1484 , 0.00118264
0.772978 , 0.00264123
0.523437 , 0.00372003
0.422297 , 0.0036321
0.447314 , 0.00310734
0.56541 , 0.0030223
0.726504 , 0.000979
0.878753 , 0.000863298
0.96696 , 0.00222641
0.975621 , 0.00274956
0.879132 , 0.00236866
0.748104 , 0.0015898
0.625802 , 0.00171025
0.55239 , 0.00257802
0.556839 , 0.00307613

8
0 , 0
0 , 0
0 , 0
0 , 0
0 , 0
0 , 0
0 , 0
0 , 0
0 , 0
0 , 0
0 , 0
0 , 0
0 , 0
0 , 0
0 , 0
0 , 0
0 , 0
0 , 0
0 , 0
0 , 0
0 , 0
0 , 0
0 , 0
0 , 0
0 , 0
0 , 0
0 , 0
0 , 0
0 , 0
0 , 0
0 , 0
0 , 0
0 , 0
0 , 0
0 , 0
0 , 0
0 , 0
0 , 0
8.31841e-05 , 1.77855e-05
0.00341058 , 0.000193589
0.0430462 , 0.000878952
0.271005 , 0.00232262
0.921049 , 0.00397401
2.05879 , 0.00813521
3.32226 , 0.00584315
4.23494 , 0.00225226
4.49648 , 0.00737921
4.12589 , 0.00825725
3.36668 , 0.00863149
2.4795 , 0.00330635
1.68016 , 0.00420641
1.04849 , 0.00306597
0.608615 , 0.0030813
0.332288 , 0.00297595
0.170771 , 0.00232369
0.0859926 , 0.00155611
0.0473401 , 0.000984453
0.0410525 , 0.00125021
0.0571639 , 0.00131272
0.0998823 , 0.00173502
0.172429 , 0.0016488
0.282739 , 0.00155114
0.424006 , 0.00130001
0.588819 , 0.00214129
0.748481 , 0.00162661
0.866752 , 0.00236771
0.914885 , 0.00328195
0.876023 , 0.00401983
0.763795 , 0.00363331
0.604336 , 0.0017591
0.442753 , 0.000955444
0.300969 , 0.00284097
0.209929 , 0.00238827
0.183648 , 0.0026603
0.244113 , 0.00291331
0.415499 , 0.00307892
0.716702 , 0.00361685
1.14371 , 0.00255224
1.64468 , 0.00198189
2.12243 , 0.00208544
2.46147 , 0.00600052
2.57629 , 0.00708659
2.42836 , 0.00617779
2.07537 , 0.00498201
1.61232 , 0.00173793
1.14827 , 0.00103135
0.771752 , 0.00259503
0.522833 , 0.00327781
0.420536 , 0.00360463
0.445649 , 0.00316444
0.564357 , 0.0028213
0.726338 , 0.000863937
0.879787 , 0.0012756
0.968494 , 0.00246427
0.97592 , 0.00239998
0.878877 , 0.00206706
0.748986 , 0.00163541
0.625196 , 0.00160054
0.551117 , 0.00257023
0.554921 , 0.00328302

9
0 , 0
0 , 0
0 , 0
0 , 0
0 , 0
0 , 0
0 , 0
0 , 0
0 , 0
0 , 0
0 , 0
0 , 0
0 , 0
0 , 0
0 , 0
0 , 0
0 , 0
0 , 0
0 , 0
0 , 0
0 , 0
0 , 0
0 , 0
0 , 0
0 , 0
0 , 0
0 , 0
0 , 0
0 , 0
0 , 0
0 , 0
0 , 0
0 , 0
0 , 0
0 , 0
0 , 0
0 , 0
0 , 0
8.50327e-05 , 1.57939e-05
0.00348937 , 0.000188031
0.0429971 , 0.000776716
0.270243 , 0.00218575
0.92252 , 0.00380096
2.05817 , 0.00720096
3.32137 , 0.00522859
4.23402 , 0.00218911
4.49457 , 0.0067819
4.13105 , 0.00892572
3.36463 , 0.00788386
2.47915 , 0.00293783
1.68059 , 0.00373533
1.04958 , 0.00291598
0.608694 , 0.00271863
0.332114 , 0.0026303
0.170793 , 0.00204942
0.0853447 , 0.00151762
0.0472597 , 0.000871921
0.0407204 , 0.00115151
0.0571579 , 0.00115773
0.0999068 , 0.00153034
0.172662 , 0.00147267
0.283979 , 0.00184622
0.424962 , 0.00149223
0.590305 , 0.00240275
0.747476 , 0.00175136
0.865644 , 0.00236391
0.913831 , 0.00308028
0.87524 , 0.00363048
0.763234 , 0.00325311
0.604247 , 0.00155396
0.441959 , 0.00115802
0.301307 , 0.00252818
0.210519 , 0.0021873
0.18412 , 0.00239319
0.243951 , 0.00257438
0.415435 , 0.00271611
0.716474 , 0.00319793
1.14375 , 0.00225124
1.64479 , 0.00175125
2.12118 , 0.00222357
2.4626 , 0.00541001
2.5776 , 0.0063854
2.4278 , 0.00547649
2.07597 , 0.00443524
1.61192 , 0.00158399
1.1482 , 0.000912882
0.771284 , 0.00233607
0.523376 , 0.00294132
0.420419 , 0.00318114
0.445961 , 0.0028082
0.56476 , 0.00252055
0.726845 , 0.000915188
0.87946 , 0.00117149
0.967916 , 0.00224895
0.975017 , 0.00230151
0.878985 , 0.00182618
0.748763 , 0.00145943
0.625254 , 0.00141273
0.55233 , 0.00257095
0.55593 , 0.00306627

10
0 , 0
0 , 0
0 , 0
0 , 0
0 , 0
0 , 0
0 , 0
0 , 0
0 , 0
0 , 0
0 , 0
0 , 0
0 , 0
0 , 0
0 , 0
0 , 0
0 , 0
0 , 0
0 , 0
0 , 0
0 , 0
0 , 0
0 , 0
0 , 0
0 , 0
0 , 0
0 , 0
0 , 0
0 , 0
0 , 0
0 , 0
0 , 0
0 , 0
0 , 0
0 , 0
0 , 0
0 , 0
0 , 0
9.9821e-05 , 2.04512e-05
0.00340028 , 0.000190316
0.0425379 , 0.000832808
0.269485 , 0.00209654
0.920495 , 0.00395745
2.05531 , 0.00704721
3.32334 , 0.00507271
4.23399 , 0.00195813
4.49547 , 0.00613304
4.13382 , 0.00844891
3.36746 , 0.00759564
2.48128 , 0.00338344
1.68066 , 0.00334152
1.04983 , 0.00262007
0.607353 , 0.00277725
0.331287 , 0.00249363
0.169862 , 0.00205595
0.0844054 , 0.0016507
0.0466085 , 0.00101601
0.0402743 , 0.00112239
0.0567952 , 0.00109718
0.0993073 , 0.00149431
0.172197 , 0.00139675
0.283666 , 0.0016807
0.424856 , 0.00133887
0.591234 , 0.00234127
0.749332 , 0.00242865
0.866167 , 0.00217818
0.913522 , 0.00277237
0.875811 , 0.00329696
0.763365 , 0.00291265
0.604091 , 0.00139861
0.44185 , 0.00104148
0.301258 , 0.00226181
0.209594 , 0.00216423
0.183421 , 0.00225193
0.242703 , 0.00261927
0.414225 , 0.00271388
0.714398 , 0.00353399
1.1425 , 0.00237055
1.6441 , 0.00171039
2.12308 , 0.00275056
2.46522 , 0.00550496
2.58097 , 0.00663211
2.43029 , 0.00549373
2.07706 , 0.00411261
1.61243 , 0.0015066
1.14863 , 0.000924006
0.769724 , 0.00260725
0.521797 , 0.00306794
0.418432 , 0.00347041
0.444528 , 0.00289192
0.564684 , 0.00225572
0.726668 , 0.000837332
0.879648 , 0.0010645
0.967938 , 0.00201165
0.975217 , 0.00206823
0.879684 , 0.00177672
0.74961 , 0.00155583
0.625682 , 0.00133408
0.551722 , 0.00237867
0.55467 , 0.003018

11
0 , 0
0 , 0
0 , 0
0 , 0
0 , 0
0 , 0
0 , 0
0 , 0
0 , 0
0 , 0
0 , 0
0 , 0
0 , 0
0 , 0
0 , 0
0 , 0
0 , 0
0 , 0
0 , 0
0 , 0
0 , 0
0 , 0
0 , 0
0 , 0
0 , 0
0 , 0
0 , 0
0 , 0
0 , 0
0 , 0
0 , 0
0 , 0
0 , 0
0 , 0
0 , 0
0 , 0
0 , 0
0 , 0
0.000105871 , 1.94629e-05
0.00335044 , 0.000179217
0.0424203 , 0.000762422
0.269201 , 0.00191754
0.919419 , 0.0037379
2.05394 , 0.00651988
3.32401 , 0.004637
4.23395 , 0.00177166
4.49759 , 0.00593576
4.13392 , 0.00764293
3.36939 , 0.00713761
2.48201 , 0.00314716
1.67952 , 0.00322929
1.04904 , 0.00249835
0.607255 , 0.002514
0.331336 , 0.0022561
0.169382 , 0.00192073
0.0844413 , 0.00149354
0.0466382 , 0.000919498
0.0403424 , 0.00101752
0.0568387 , 0.000993388
0.0991841 , 0.00135725
0.171729 , 0.00134723
0.283606 , 0.00152145
0.42444 , 0.00128039
0.590872 , 0.00214843
0.749376 , 0.00219724
0.86644 , 0.001989
0.914188 , 0.00259463
0.876437 , 0.00304722
0.763447 , 0.00263586
0.604373 , 0.00129615
0.441564 , 0.000984384
0.300966 , 0.00206657
0.209481 , 0.00196086
0.182759 , 0.00214181
0.242374 , 0.00239193
0.413777 , 0.00249531
0.713713 , 0.00326923
1.14244 , 0.00214492
1.64437 , 0.00157079
2.12326 , 0.00249416
2.46704 , 0.00530121
2.58184 , 0.00606188
2.43136 , 0.00508316
2.07776 , 0.00378644
1.61095 , 0.00201033
1.14782 , 0.00116571
0.769291 , 0.00239772
0.521401 , 0.00280321
0.417868 , 0.00318932
0.443787 , 0.00271868
0.56458 , 0.00204304
0.726721 , 0.000759229
0.879947 , 0.00100829
0.968749 , 0.00199198
0.97617 , 0.00209965
0.880475 , 0.00179108
0.749412 , 0.0014212
0.625436 , 0.0012315
0.551287 , 0.00219511
0.553635 , 0.00291949

12
0 , 0
0 , 0
0 , 0
0 , 0
0 , 0
0 , 0
0 , 0
0 , 0
0 , 0
0 , 0
0 , 0
0 , 0
0 , 0
0 , 0
0 , 0
0 , 0
0 , 0
0 , 0
0 , 0
0 , 0
0 , 0
0 , 0
0 , 0
0 , 0
0 , 0
0 , 0
0 , 0
0 , 0
0 , 0
0 , 0
0 , 0
0 , 0
0 , 0
0 , 0
0 , 0
0 , 0
0 , 0
0 , 0
9.70482e-05 , 1.98371e-05
0.00335116 , 0.000163603
0.0419673 , 0.000830436
0.268674 , 0.00182821
0.919571 , 0.00341565
2.05496 , 0.00603904
3.32367 , 0.00424615
4.2322 , 0.0023882
4.49778 , 0.00542197
4.13519 , 0.00709265
3.37049 , 0.00660733
2.48195 , 0.00287352
1.68038 , 0.00307204
1.04951 , 0.0023291
0.606955 , 0.00231448
0.33062 , 0.0021803
0.16902 , 0.00179034
0.0839856 , 0.00143755
0.0465234 , 0.000847194
0.040335 , 0.000928893
0.0566066 , 0.000936076
0.0991476 , 0.00123953
0.171649 , 0.00123246
0.283272 , 0.00142836
0.423931 , 0.00127496
0.590842 , 0.00196147
0.749606 , 0.00201896
0.866834 , 0.00185814
0.915524 , 0.00271901
0.876683 , 0.00279256
0.762971 , 0.0024529
0.604354 , 0.00118338
0.441803 , 0.00092981
0.300689 , 0.00190671
0.209241 , 0.0018061
0.182846 , 0.00195716
0.242448 , 0.00218478
0.413241 , 0.00234028
0.713099 , 0.00304685
1.14161 , 0.00212674
1.64475 , 0.00148239
2.12317 , 0.00227854
2.46826 , 0.00499098
2.58241 , 0.00556347
2.43276 , 0.0048465
2.07788 , 0.00345835
1.61052 , 0.00188651
1.1469 , 0.00140253
0.768581 , 0.00230133
0.52126 , 0.00256286
0.417905 , 0.00291167
0.443477 , 0.0025012
0.563958 , 0.00196592
0.726541 , 0.000716145
0.880185 , 0.00095087
0.969292 , 0.00189771
0.976863 , 0.00203824
0.880876 , 0.00168349
0.749114 , 0.00133112
0.625334 , 0.00112876
0.551016 , 0.0020221
0.552977 , 0.00274515

13
0 , 0
0 , 0
0 , 0
0 , 0
0 , 0
0 , 0
0 , 0
0 , 0
0 , 0
0 , 0
0 , 0
0 , 0
0 , 0
0 , 0
0 , 0
0 , 0
0 , 0
0 , 0
0 , 0
0 , 0
0 , 0
0 , 0
0 , 0
0 , 0
0 , 0
0 , 0
0 , 0
0 , 0
0 , 0
0 , 0
0 , 0
0 , 0
0 , 0
0 , 0
0 , 0
0 , 0
0 , 0
0 , 0
9.72615e-05 , 1.82487e-05
0.00329327 , 0.000161245
0.0417583 , 0.000791963
0.267757 , 0.00191532
0.919489 , 0.00314302
2.05352 , 0.00574084
3.32319 , 0.0039356
4.23451 , 0.0031925
4.50055 , 0.00570747
4.13443 , 0.00656851
3.37081 , 0.00608629
2.48204 , 0.00264466
1.67895 , 0.0031671
1.04933 , 0.00215022
0.607595 , 0.00222298
0.330704 , 0.00200735
0.168836 , 0.00165711
0.0840584 , 0.00132436
0.0462092 , 0.000840283
0.0400891 , 0.00088913
0.0566315 , 0.000861426
0.0988381 , 0.00118147
0.171608 , 0.00113444
0.283281 , 0.00131393
0.424149 , 0.00119288
0.590861 , 0.0018044
0.749877 , 0.0018768
0.867059 , 0.00172391
0.915549 , 0.00250126
0.876355 , 0.00258967
0.762738 , 0.00226836
0.604511 , 0.00109979
0.441735 , 0.000857991
0.300915 , 0.0017683
0.208949 , 0.00168671
0.18257 , 0.00182133
0.241854 , 0.00209555
0.41294 , 0.0021736
0.712993 , 0.00280472
1.1414 , 0.00196736
1.64491 , 0.00137319
2.12324 , 0.00209695
2.46843 , 0.00459435
2.58364 , 0.00526223
2.43348 , 0.00451611
2.07817 , 0.00319435
1.61108 , 0.00182464
1.14676 , 0.0012981
0.768284 , 0.00213757
0.520965 , 0.00237582
0.417288 , 0.00274858
0.443173 , 0.00232065
0.563581 , 0.00184724
0.726604 , 0.000661816
0.879645 , 0.0010284
0.969776 , 0.00181154
0.977007 , 0.00188046
0.88125 , 0.00159306
0.749443 , 0.00126803
0.625608 , 0.0010738
0.550878 , 0.00186513
0.5527 , 0.00254035

14
0 , 0
0 , 0
0 , 0
0 , 0
0 , 0
0 , 0
0 , 0
0 , 0
0 , 0
0 , 0
0 , 0
0 , 0
0 , 0
0 , 0
0 , 0
0 , 0
0 , 0
0 , 0
0 , 0
0 , 0
0 , 0
0 , 0
0 , 0
0 , 0
0 , 0
0 , 0
0 , 0
0 , 0
0 , 0
0 , 0
0 , 0
0 , 0
0 , 0
0 , 0
0 , 0
0 , 0
0 , 0
0 , 0
9.03142e-05 , 1.82676e-05
0.0032776 , 0.000150104
0.0419223 , 0.000751339
0.268043 , 0.00179609
0.919335 , 0.00291392
2.053 , 0.00534039
3.32358 , 0.00366432
4.23509 , 0.00301221
4.50082 , 0.00529083
4.13365 , 0.00613162
3.3703 , 0.00565767
2.48193 , 0.00245108
1.67949 , 0.00298035
1.04907 , 0.00200675
0.608238 , 0.00215607
0.330257 , 0.00191139
0.168788 , 0.00153493
0.0840783 , 0.00122628
0.0461198 , 0.000783069
0.0400501 , 0.000824096
0.0565624 , 0.000800518
0.0986903 , 0.00110376
0.171689 , 0.00105338
0.282887 , 0.00127841
0.424223 , 0.00110689
0.591128 , 0.0016917
0.749511 , 0.00177582
0.867499 , 0.00165571
0.91544 , 0.00231829
0.877112 , 0.00251435
0.762946 , 0.00211044
0.604814 , 0.00106255
0.441359 , 0.000879003
0.30049 , 0.00169134
0.209046 , 0.00156458
0.182357 , 0.00169964
0.241894 , 0.0019405
0.413004 , 0.00201338
0.712994 , 0.00259667
1.1413 , 0.00182428
1.64478 , 0.00127827
2.12262 , 0.00203571
2.46866 , 0.00425965
2.58375 , 0.00487308
2.43437 , 0.00427449
2.0785 , 0.00297619
1.61124 , 0.00169687
1.14653 , 0.00122342
0.767945 , 0.00200786
0.52078 , 0.00220741
0.416986 , 0.00256246
0.443353 , 0.00215601
0.563335 , 0.00172789
0.72672 , 0.000623609
0.87966 , 0.000952247
0.969856 , 0.00167906
0.977157 , 0.00174739
0.881005 , 0.00149512
0.749234 , 0.00119248
0.62576 , 0.00100563
0.550546 , 0.00175849
0.552514 , 0.00235929

15
0 , 0
0 , 0
0 , 0
0 , 0
0 , 0
0 , 0
0 , 0
0 , 0
0 , 0
0 , 0
0 , 0
0 , 0
0 , 0
0 , 0
0 , 0
0 , 0
0 , 0
0 , 0
0 , 0
0 , 0
0 , 0
0 , 0
0 , 0
0 , 0
0 , 0
0 , 0
0 , 0
0 , 0
0 , 0
0 , 0
0 , 0
0 , 0
0 , 0
0 , 0
0 , 0
0 , 0
0 , 0
0 , 0
8.42933e-05 , 1.80406e-05
0.00323444 , 0.000146252
0.0420302 , 0.000707734
0.268058 , 0.00167213
0.919035 , 0.00272928
2.05307 , 0.00497219
3.32248 , 0.00358383
4.23498 , 0.00280661
4.50141 , 0.00496038
4.13318 , 0.00572757
3.3706 , 0.00527572
2.48241 , 0.00233255
1.67974 , 0.00278568
1.04969 , 0.00196746
0.608781 , 0.00207946
0.329825 , 0.00183112
0.168828 , 0.00142949
0.0838238 , 0.00116964
0.04597 , 0.000744221
0.0400009 , 0.000768767
0.0565283 , 0.00074602
0.0988277 , 0.0010367
0.17213 , 0.00107548
0.282986 , 0.00119422
0.424252 , 0.00103086
0.591254 , 0.00157991
0.749744 , 0.00166962
0.866554 , 0.00180826
0.915314 , 0.00216191
0.876618 , 0.00239227
0.763011 , 0.00196577
0.604732 , 0.000992569
0.441078 , 0.000865274
0.300788 , 0.0016025
0.209022 , 0.00145675
0.182504 , 0.00158905
0.242078 , 0.00181592
0.412903 , 0.00187707
0.712957 , 0.00241766
1.14061 , 0.00183356
1.64471 , 0.00119174
2.12297 , 0.00192642
2.4691 , 0.00399007
2.58422 , 0.0045609
2.43448 , 0.00398097
2.07831 , 0.00277701
1.61117 , 0.00158155
1.14655 , 0.00113909
0.768272 , 0.00189763
0.520516 , 0.00207183
0.416975 , 0.00238555
0.442954 , 0.00204637
0.563292 , 0.00160914
0.726428 , 0.000650007
0.879607 , 0.000888088
0.969741 , 0.00156732
0.977687 , 0.00171072
0.881332 , 0.00142983
0.749511 , 0.00114405
0.625824 , 0.000938412
0.550542 , 0.00163707
0.552863 , 0.002224

16
0 , 0
0 , 0
0 , 0
0 , 0
0 , 0
0 , 0
0 , 0
0 , 0
0 , 0
0 , 0
0 , 0
0 , 0
0 , 0
0 , 0
0 , 0
0 , 0
0 , 0
0 , 0
0 , 0
0 , 0
0 , 0
0 , 0
0 , 0
0 , 0
0 , 0
0 , 0
0 , 0
0 , 0
0 , 0
0 , 0
0 , 0
0 , 0
0 , 0
0 , 0
0 , 0
0 , 0
0 , 0
0 , 0
8.52637e-05 , 1.69033e-05
0.0031947 , 0.000142462
0.0420944 , 0.000665131
0.268244 , 0.00157516
0.919186 , 0.00255745
2.05324 , 0.00465407
3.32277 , 0.00336459
4.23395 , 0.00281949
4.50248 , 0.00476292
4.13228 , 0.00543252
3.37035 , 0.0049413
2.48173 , 0.002287
1.67955 , 0.00261204
1.04987 , 0.00184906
0.608874 , 0.00194739
0.330194 , 0.00175201
0.169157 , 0.00137717
0.0839023 , 0.00109691
0.0461031 , 0.000708765
0.0401275 , 0.000730165
0.0564276 , 0.000705059
0.0989444 , 0.000976733
0.172079 , 0.00100732
0.282932 , 0.0011184
0.424331 , 0.000967521
0.591034 , 0.00149412
0.749849 , 0.00156531
0.866681 , 0.0016962
0.914712 , 0.0021098
0.876365 , 0.002252
0.763032 , 0.00183894
0.604796 , 0.000930649
0.441195 , 0.000817857
0.301115 , 0.0015344
0.209224 , 0.0013776
0.182597 , 0.00148936
0.242455 , 0.00173989
0.413415 , 0.00182895
0.713401 , 0.00230475
1.14052 , 0.00171737
1.6442 , 0.00122632
2.12329 , 0.00182982
2.46856 , 0.00377188
2.58338 , 0.00434684
2.43406 , 0.00374761
2.07797 , 0.00261974
1.6107 , 0.00154954
1.14687 , 0.00111301
0.768307 , 0.00177542
0.520906 , 0.00197683
0.417213 , 0.00224421
0.4432 , 0.00192988
0.563486 , 0.0015177
0.726388 , 0.000609369
0.879587 , 0.000830967
0.969792 , 0.001467
0.977606 , 0.00160225
0.881275 , 0.0013387
0.749266 , 0.00109778
0.626111 , 0.000923507
0.550777 , 0.00154917
0.552596 , 0.00209735

17
0 , 0
0 , 0
0 , 0
0 , 0
0 , 0
0 , 0
0 , 0
0 , 0
0 , 0
0 , 0
0 , 0
0 , 0
0 , 0
0 , 0
0 , 0
0 , 0
0 , 0
0 , 0
0 , 0
0 , 0
0 , 0
0 , 0
0 , 0
0 , 0
0 , 0
0 , 0
0 , 0
0 , 0
0 , 0
0 , 0
0 , 0
0 , 0
0 , 0
0 , 0
0 , 0
0 , 0
0 , 0
0 , 0
8.22055e-05 , 1.61697e-05
0.003182 , 0.000134421
0.0419591 , 0.000639265
0.267943 , 0.00150986
0.918437 , 0.00251637
2.05153 , 0.00469318
3.32343 , 0.0032286
4.23515 , 0.00290886
4.50207 , 0.00449306
4.13399 , 0.0053813
3.37099 , 0.00468486
2.48286 , 0.00242729
1.68017 , 0.00253005
1.04917 , 0.00187232
0.608311 , 0.00191397
0.329661 , 0.00172983
0.168738 , 0.00135987
0.083626 , 0.00106679
0.0459719 , 0.000678566
0.0400351 , 0.000692064
0.0564151 , 0.000662406
0.0989132 , 0.000918011
0.172147 , 0.000948614
0.28244 , 0.00116004
0.424214 , 0.000916317
0.590599 , 0.00146931
0.75053 , 0.00162054
0.867106 , 0.00164906
0.915264 , 0.00205721
0.876572 , 0.00212549
0.76283 , 0.00173915
0.605132 , 0.000936436
0.440907 , 0.000820436
0.300934 , 0.00145271
0.208783 , 0.00136693
0.182223 , 0.00144821
0.241964 , 0.00170638
0.412698 , 0.00186153
0.712786 , 0.0022506
1.14035 , 0.00162237
1.64365 , 0.00127671
2.12427 , 0.001979
2.4703 , 0.00394846
2.58482 , 0.00432766
2.43467 , 0.00357224
2.07812 , 0.00246537
1.61097 , 0.00148053
1.14613 , 0.00127931
0.767776 , 0.00175039
0.520549 , 0.00189078
0.416724 , 0.00216423
0.442696 , 0.00188144
0.563383 , 0.00142934
0.72618 , 0.00060874
0.879395 , 0.000803788
0.970141 , 0.00142131
0.978023 , 0.00156174
0.881602 , 0.00129945
0.749563 , 0.00107311
0.626145 , 0.000868148
0.550559 , 0.00147141
0.552141 , 0.00202208

18
0 , 0
0 , 0
0 , 0
0 , 0
0 , 0
0 , 0
0 , 0
0 , 0
0 , 0
0 , 0
0 , 0
0 , 0
0 , 0
0 , 0
0 , 0
0 , 0
0 , 0
0 , 0
0 , 0
0 , 0
0 , 0
0 , 0
0 , 0
0 , 0
0 , 0
0 , 0
0 , 0
0 , 0
0 , 0
0 , 0
0 , 0
0 , 0
0 , 0
0 , 0
0 , 0
0 , 0
0 , 0
0 , 0
7.76385e-05 , 1.59143e-05
0.0031443 , 0.000132221
0.0420168 , 0.000605457
0.267975 , 0.00142387
0.919241 , 0.00250503
2.0517 , 0.00442792
3.32361 , 0.00304959
4.23534 , 0.00274856
4.50156 , 0.00426631
4.13308 , 0.00515288
3.36919 , 0.00476688
2.48373 , 0.00244888
1.68056 , 0.0024162
1.04891 , 0.00178432
0.608482 , 0.00181261
0.329855 , 0.00164237
0.168728 , 0.00128214
0.0837893 , 0.00101896
0.0460574 , 0.000645436
0.0400609 , 0.000652994
0.0566103 , 0.000654306
0.0990514 , 0.000876476
0.172277 , 0.000903852
0.282745 , 0.0011354
0.42469 , 0.000986479
0.590331 , 0.00141093
0.750389 , 0.00153442
0.867046 , 0.0015559
0.914986 , 0.00195935
0.876237 , 0.00203186
0.762943 , 0.00164359
0.604574 , 0.00104446
0.440407 , 0.000921345
0.301311 , 0.00142053
0.208902 , 0.00129416
0.182415 , 0.00137887
0.242397 , 0.001666
0.412728 , 0.00175532
0.712984 , 0.00213113
1.14036 , 0.0015296
1.64363 , 0.00120389
2.12479 , 0.0019374
2.47013 , 0.00372667
2.58438 , 0.00410387
2.43431 , 0.00338705
2.07784 , 0.00234093
1.61056 , 0.00145726
1.14607 , 0.00120804
0.767761 , 0.00165035
0.520832 , 0.00180489
0.417027 , 0.00206296
0.442899 , 0.0017854
0.56322 , 0.00135742
0.726146 , 0.000574972
0.879787 , 0.000853087
0.970242 , 0.00134388
0.978101 , 0.00147446
0.881213 , 0.00128547
0.749921 , 0.00107323
0.626399 , 0.000856931
0.550775 , 0.00140408
0.552156 , 0.00190649

19
0 , 0
0 , 0
0 , 0
0 , 0
0 , 0
0 , 0
0 , 0
0 , 0
0 , 0
0 , 0
0 , 0
0 , 0
0 , 0
0 , 0
0 , 0
0 , 0
0 , 0
0 , 0
0 , 0
0 , 0
0 , 0
0 , 0
0 , 0
0 , 0
0 , 0
0 , 0
0 , 0
0 , 0
0 , 0
0 , 0
0 , 0
0 , 0
0 , 0
0 , 0
0 , 0
0 , 0
0 , 0
0 , 0
7.35523e-05 , 1.55982e-05
0.0031406 , 0.000125123
0.0422799 , 0.000630252
0.267822 , 0.00135554
0.918791 , 0.00241181
2.05022 , 0.00444204
3.32236 , 0.00314606
4.23622 , 0.00274475
4.50331 , 0.00439845
4.13518 , 0.00530645
3.37035 , 0.00465446
2.48313 , 0.00239119
1.67995 , 0.00236451
1.04796 , 0.00193847
0.608207 , 0.00173652
0.329565 , 0.00158021
0.168644 , 0.00121571
0.0838164 , 0.000964222
0.0460759 , 0.000610802
0.0399209 , 0.000633341
0.0566154 , 0.000618932
0.0989966 , 0.000830873
0.172502 , 0.000883879
0.282626 , 0.00108055
0.424949 , 0.000968395
0.590391 , 0.00133594
0.750431 , 0.00145203
0.867068 , 0.00147191
0.915075 , 0.00185548
0.87603 , 0.00193301
0.763046 , 0.0015581
0.604408 , 0.00100174
0.440369 , 0.000872309
0.30108 , 0.00136335
0.208937 , 0.00122465
0.182149 , 0.00133119
0.242256 , 0.0015822
0.41203 , 0.00180128
0.712546 , 0.00206286
1.1401 , 0.00147019
1.64395 , 0.00118251
2.12479 , 0.00183259
2.47076 , 0.00358035
2.58554 , 0.004051
2.43562 , 0.00346096
2.07791 , 0.00221522
1.61119 , 0.00151662
1.14529 , 0.00138297
0.76729 , 0.00163082
0.520357 , 0.00177206
0.416682 , 0.00198164
0.442363 , 0.00177202
0.562817 , 0.00134586
0.72625 , 0.000553791
0.880023 , 0.000840832
0.970639 , 0.00133159
0.978633 , 0.00149288
0.881586 , 0.00127179
0.749888 , 0.00101573
0.626408 , 0.000810627
0.550528 , 0.00135094
0.552158 , 0.00180336

20
0 , 0
0 , 0
0 , 0
0 , 0
0 , 0
0 , 0
0 , 0
0 , 0
0 , 0
0 , 0
0 , 0
0 , 0
0 , 0
0 , 0
0 , 0
0 , 0
0 , 0
0 , 0
0 , 0
0 , 0
0 , 0
0 , 0
0 , 0
0 , 0
0 , 0
0 , 0
0 , 0
0 , 0
0 , 0
0 , 0
0 , 0
0 , 0
0 , 0
0 , 0
0 , 0
0 , 0
0 , 0
0 , 0
7.3202e-05 , 1.48019e-05
0.00311349 , 0.000121757
0.0423671 , 0.000604238
0.267802 , 0.00128613
0.919409 , 0.00236999
2.05195 , 0.00455504
3.32258 , 0.00299302
4.23551 , 0.00269712
4.50168 , 0.00448095
4.13379 , 0.00522211
3.37042 , 0.00441612
2.4827 , 0.00230909
1.67981 , 0.00224764
1.04847 , 0.00190893
0.60827 , 0.0016486
0.330353 , 0.00169353
0.168737 , 0.0011571
0.0839193 , 0.000920503
0.0462656 , 0.000609718
0.0400169 , 0.000608459
0.056743 , 0.000600877
0.0991197 , 0.000797792
0.172795 , 0.00088835
0.282747 , 0.00103221
0.425318 , 0.000989995
0.590026 , 0.00131903
0.750201 , 0.00139658
0.866613 , 0.00146888
0.914539 , 0.00184007
0.875857 , 0.00184199
0.762855 , 0.00149051
0.604572 , 0.000964256
0.440392 , 0.000827862
0.30101 , 0.00129526
0.209055 , 0.00116783
0.182543 , 0.00132296
0.242786 , 0.00159176
0.412542 , 0.00178398
0.713151 , 0.00204824
1.1404 , 0.00142732
1.6438 , 0.00113191
2.12453 , 0.00175788
2.46988 , 0.00350852
2.58437 , 0.0040148
2.43482 , 0.00337843
2.07781 , 0.00210391
1.61117 , 0.00143896
1.14565 , 0.00136249
0.767088 , 0.00156026
0.520749 , 0.0017263
0.417385 , 0.00200699
0.442806 , 0.00173867
0.563361 , 0.001388
0.726538 , 0.000599176
0.879601 , 0.000902439
0.970333 , 0.00129984
0.978187 , 0.00148491
0.881342 , 0.00123091
0.74991 , 0.000963871
0.626686 , 0.000817669
0.551352 , 0.00152347
0.55281 , 0.00183075

21
0 , 0
0 , 0
0 , 0
0 , 0
0 , 0
0 , 0
0 , 0
0 , 0
0 , 0
0 , 0
0 , 0
0 , 0
0 , 0
0 , 0
0 , 0
0 , 0
0 , 0
0 , 0
0 , 0
0 , 0
0 , 0
0 , 0
0 , 0
0 , 0
0 , 0
0 , 0
0 , 0
0 , 0
0 , 0
0 , 0
0 , 0
0 , 0
0 , 0
0 , 0
0 , 0
0 , 0
0 , 0
0 , 0
8.23919e-05 , 1.68132e-05
0.0030935 , 0.000117528
0.0422935 , 0.000579438
0.267639 , 0.00123421
0.918928 , 0.00230494
2.05158 , 0.00434817
3.32239 , 0.0028532
4.23556 , 0.0025659
4.50249 , 0.00433945
4.13523 , 0.00516968
3.37015 , 0.00420932
2.4832 , 0.00225099
1.68004 , 0.00215019
1.04858 , 0.00181914
0.608006 , 0.00159011
0.32979 , 0.00170668
0.168408 , 0.00114878
0.0837686 , 0.000888439
0.0460248 , 0.000627939
0.0398402 , 0.000605134
0.0564516 , 0.000641549
0.0987975 , 0.000824422
0.172513 , 0.000890858
0.282421 , 0.00103462
0.424849 , 0.00105201
0.589889 , 0.00126202
0.750718 , 0.00142553
0.866989 , 0.00144688
0.915524 , 0.00200841
0.876968 , 0.00207454
0.763488 , 0.00155284
0.604814 , 0.000948785
0.439999 , 0.000879919
0.300821 , 0.00124647
0.208352 , 0.00131482
0.182124 , 0.00132644
0.242018 , 0.00169758
0.41186 , 0.00182863
0.7127 , 0.00199978
1.14016 , 0.0013783
1.64401 , 0.00109713
2.12452 , 0.00167211
2.47078 , 0.00345653
2.58523 , 0.00391331
2.43596 , 0.00340901
2.07893 , 0.00229414
1.61127 , 0.00137262
1.14534 , 0.00133385
0.766607 , 0.00155992
0.520115 , 0.00176042
0.416772 , 0.0020052
0.442048 , 0.00181936
0.563023 , 0.00136281
0.726561 , 0.000570387
0.879847 , 0.000892768
0.970509 , 0.00124886
0.978556 , 0.00145985
0.881715 , 0.00122888
0.749771 , 0.000927346
0.626422 , 0.000821336
0.550518 , 0.0016717
0.551863 , 0.00198222

22
0 , 0
0 , 0
0 , 0
0 , 0
0 , 0
0 , 0
0 , 0
0 , 0
0 , 0
0 , 0
0 , 0
0 , 0
0 , 0
0 , 0
0 , 0
0 , 0
0 , 0
0 , 0
0 , 0
0 , 0
0 , 0
0 , 0
0 , 0
0 , 0
0 , 0
0 , 0
0 , 0
0 , 0
0 , 0
0 , 0
0 , 0
0 , 0
0 , 0
0 , 0
0 , 0
0 , 0
0 , 0
0 , 0
8.01593e-05 , 1.61855e-05
0.00308396 , 0.000112463
0.0423805 , 0.000559268
0.267481 , 0.00118729
0.918782 , 0.00220253
2.05148 , 0.00414713
3.32173 , 0.00280112
4.23563 , 0.00244763
4.50317 , 0.00419195
4.13563 , 0.00494557
3.37021 , 0.00401401
2.48388 , 0.00225224
1.6799 , 0.00205489
1.04796 , 0.00184323
0.608278 , 0.00154025
0.329813 , 0.00162742
0.168242 , 0.00110788
0.0836932 , 0.000850445
0.0459256 , 0.000606886
0.0397671 , 0.000581578
0.0564544 , 0.000611699
0.0988116 , 0.000786181
0.172556 , 0.0008505
0.282373 , 0.000987615
0.424825 , 0.00100335
0.590307 , 0.00127363
0.750558 , 0.00136856
0.867082 , 0.00138267
0.915123 , 0.00195646
0.87687 , 0.00198039
0.763441 , 0.00148132
0.605025 , 0.000928919
0.439894 , 0.000845622
0.300714 , 0.00119333
0.208451 , 0.0012576
0.182044 , 0.00126724
0.242105 , 0.0016209
0.411825 , 0.0017439
0.712441 , 0.00192427
1.13995 , 0.00133085
1.6439 , 0.00105207
2.12451 , 0.00159437
2.47106 , 0.00330766
2.58545 , 0.00373801
2.43638 , 0.00327717
2.07933 , 0.00222287
1.61136 , 0.00131153
1.14526 , 0.00127408
0.766471 , 0.00149358
0.519726 , 0.0017229
0.416519 , 0.00192851
0.441899 , 0.00174109
0.563033 , 0.00129943
0.726497 , 0.000547542
0.88006 , 0.000877478
0.970655 , 0.00119972
0.978475 , 0.00139428
0.881816 , 0.00117597
0.750054 , 0.00092822
0.626476 , 0.00078497
0.550474 , 0.0015945
0.551975 , 0.00189331

23
0 , 0
0 , 0
0 , 0
0 , 0
0 , 0
0 , 0
0 , 0
0 , 0
0 , 0
0 , 0
0 , 0
0 , 0
0 , 0
0 , 0
0 , 0
0 , 0
0 , 0
0 , 0
0 , 0
0 , 0
0 , 0
0 , 0
0 , 0
0 , 0
0 , 0
0 , 0
0 , 0
0 , 0
0 , 0
0 , 0
0 , 0
0 , 0
0 , 0
0 , 0
0 , 0
0 , 0
0 , 0
0 , 0
7.66741e-05 , 1.58536e-05
0.00310282 , 0.000109103
0.042582 , 0.00057114
0.267953 , 0.00122867
0.919485 , 0.00221889
2.05265 , 0.00413192
3.32236 , 0.00275162
4.23433 , 0.00267587
4.50062 , 0.00474498
4.1337 , 0.00510565
3.36983 , 0.0038546
2.4842 , 0.0021759
1.68095 , 0.00222624
1.04836 , 0.00180604
0.608862 , 0.00158353
0.330057 , 0.00157415
0.168394 , 0.0010695
0.0837442 , 0.000814226
0.0460097 , 0.000585969
0.0400054 , 0.00060465
0.0566878 , 0.000629363
0.0991023 , 0.000805533
0.173006 , 0.000929022
0.28265 , 0.000983467
0.424892 , 0.000961045
0.590142 , 0.00122811
0.750102 , 0.00138513
0.866443 , 0.00146741
0.914332 , 0.00203007
0.876426 , 0.00194366
0.763119 , 0.00145168
0.604967 , 0.000889534
0.440223 , 0.00087263
0.300966 , 0.00116783
0.208844 , 0.00126431
0.182452 , 0.00127781
0.242602 , 0.00162682
0.412463 , 0.00178435
0.713075 , 0.00194489
1.13992 , 0.0012721
1.64402 , 0.00101258
2.12437 , 0.0015292
2.46978 , 0.00341017
2.58441 , 0.00372073
2.43518 , 0.00335314
2.07908 , 0.00213842
1.61165 , 0.00128629
1.14554 , 0.00124811
0.766981 , 0.0015155
0.520034 , 0.00167477
0.416848 , 0.00187185
0.442296 , 0.00171051
0.563103 , 0.00124366
0.726551 , 0.0005259
0.880083 , 0.000838778
0.970561 , 0.00115026
0.978614 , 0.00133958
0.881585 , 0.00114708
0.750034 , 0.000887168
0.62669 , 0.000780044
0.550804 , 0.00155882
0.552512 , 0.00188711

24
0 , 0
0 , 0
0 , 0
0 , 0
0 , 0
0 , 0
0 , 0
0 , 0
0 , 0
0 , 0
0 , 0
0 , 0
0 , 0
0 , 0
0 , 0
0 , 0
0 , 0
0 , 0
0 , 0
0 , 0
0 , 0
0 , 0
0 , 0
0 , 0
0 , 0
0 , 0
0 , 0
0 , 0
0 , 0
0 , 0
0 , 0
0 , 0
0 , 0
0 , 0
0 , 0
0 , 0
0 , 0
0 , 0
7.76385e-05 , 1.52093e-05
0.00311217 , 0.000104877
0.0426962 , 0.00055863
0.268321 , 0.00123244
0.919259 , 0.00213642
2.05363 , 0.00407731
3.32247 , 0.00263663
4.23384 , 0.00260997
4.50044 , 0.00454679
4.13251 , 0.00502925
3.36913 , 0.00375627
2.48483 , 0.0021768
1.68059 , 0.00216084
1.04829 , 0.00173041
0.609051 , 0.00152783
0.330193 , 0.00151328
0.16867 , 0.00106057
0.0840179 , 0.000826221
0.0461413 , 0.000576251
0.0401191 , 0.000589973
0.0568377 , 0.00062094
0.0992228 , 0.000780586
0.173133 , 0.000898462
0.282505 , 0.000952692
0.424881 , 0.000920197
0.589922 , 0.00119632
0.750423 , 0.00136456
0.865992 , 0.00147542
0.914162 , 0.00195102
0.876055 , 0.00189772
0.763153 , 0.00139029
0.60509 , 0.000860441
0.440367 , 0.000847824
0.300979 , 0.00111819
0.208982 , 0.00121825
0.182804 , 0.00127298
0.24275 , 0.00156458
0.412547 , 0.00171047
0.71326 , 0.00187127
1.14009 , 0.00122941
1.64453 , 0.00109535
2.12407 , 0.00149434
2.46943 , 0.00328316
2.58356 , 0.00366203
2.43463 , 0.00325727
2.07903 , 0.00204804
1.61136 , 0.00126519
1.14578 , 0.00121889
0.767195 , 0.00146678
0.520128 , 0.00160625
0.417029 , 0.00180131
0.442526 , 0.00165371
0.5632 , 0.00119465
0.726561 , 0.000503622
0.880053 , 0.000803629
0.970808 , 0.00112871
0.978543 , 0.00128456
0.88148 , 0.00110326
0.749791 , 0.000883423
0.626704 , 0.000746961
0.551021 , 0.00150811
0.552597 , 0.00180876

25
0 , 0
0 , 0
0 , 0
0 , 0
0 , 0
0 , 0
0 , 0
0 , 0
0 , 0
0 , 0
0 , 0
0 , 0
0 , 0
0 , 0
0 , 0
0 , 0
0 , 0
0 , 0
0 , 0
0 , 0
0 , 0
0 , 0
0 , 0
0 , 0
0 , 0
0 , 0
0 , 0
0 , 0
0 , 0
0 , 0
0 , 0
0 , 0
0 , 0
0 , 0
0 , 0
0 , 0
0 , 0
0 , 0
7.85258e-05 , 1.46152e-05
0.00306881 , 0.000109542
0.0425777 , 0.000548766
0.268303 , 0.00118224
0.918976 , 0.00206863
2.05274 , 0.00401147
3.32166 , 0.00265633
4.23479 , 0.00268012
4.50056 , 0.00436288
4.13344 , 0.00491142
3.36968 , 0.0036452
2.48542 , 0.00216873
1.68075 , 0.0020785
1.04803 , 0.00168018
0.608698 , 0.00150725
0.330129 , 0.00145289
0.168545 , 0.00102488
0.0839382 , 0.000796476
0.0460532 , 0.000559709
0.0400609 , 0.000568865
0.0568146 , 0.000596033
0.0990969 , 0.000759216
0.172876 , 0.000899351
0.282277 , 0.000941833
0.425003 , 0.000891096
0.589819 , 0.00115201
0.750527 , 0.00131294
0.866054 , 0.00141652
0.914376 , 0.00188349
0.87618 , 0.00182456
0.763112 , 0.00133414
0.605207 , 0.000833685
0.4405 , 0.000824014
0.301028 , 0.00107363
0.208979 , 0.00116851
0.182667 , 0.00122859
0.242556 , 0.00151317
0.412373 , 0.00164978
0.712906 , 0.00182938
1.13954 , 0.00129963
1.64459 , 0.00105252
2.12415 , 0.00143516
2.46972 , 0.00316183
2.58418 , 0.00356638
2.43543 , 0.00322564
2.07893 , 0.00196684
1.6116 , 0.00123734
1.14556 , 0.00118856
0.766978 , 0.00142351
0.519772 , 0.00158142
0.416846 , 0.00173747
0.442294 , 0.0016031
0.56299 , 0.00116497
0.72649 , 0.000488271
0.880129 , 0.00077451
0.971045 , 0.00110832
0.978931 , 0.00129172
0.88159 , 0.00106386
0.750165 , 0.000926322
0.626681 , 0.000716832
0.55071 , 0.00147953
0.552208 , 0.00177788

26
0 , 0
0 , 0
0 , 0
0 , 0
0 , 0
0 , 0
0 , 0
0 , 0
0 , 0
0 , 0
0 , 0
0 , 0
0 , 0
0 , 0
0 , 0
0 , 0
0 , 0
0 , 0
0 , 0
0 , 0
0 , 0
0 , 0
0 , 0
0 , 0
0 , 0
0 , 0
0 , 0
0 , 0
0 , 0
0 , 0
0 , 0
0 , 0
0 , 0
0 , 0
0 , 0
0 , 0
0 , 0
0 , 0
7.55056e-05 , 1.43629e-05
0.00305804 , 0.000105794
0.0426241 , 0.00052927
0.267997 , 0.00117649
0.91931 , 0.00201526
2.05208 , 0.00391037
3.32242 , 0.00266412
4.23434 , 0.00261411
4.50037 , 0.00419576
4.13379 , 0.00473216
3.37056 , 0.00361024
2.48455 , 0.00225851
1.68122 , 0.00205127
1.04827 , 0.00163201
0.608632 , 0.00144966
0.329743 , 0.00144849
0.168558 , 0.000984756
0.0839619 , 0.000765594
0.0460368 , 0.000538
0.0399284 , 0.000562393
0.0567221 , 0.000580064
0.0991001 , 0.000729438
0.172711 , 0.000879565
0.282452 , 0.000921687
0.425162 , 0.0008707
0.589878 , 0.00110838
0.750356 , 0.00127298
0.866047 , 0.00136097
0.914337 , 0.00181001
0.876461 , 0.0017753
0.76316 , 0.00128267
0.605141 , 0.000803769
0.440276 , 0.000822944
0.300835 , 0.00104927
0.208931 , 0.00112368
0.182602 , 0.00118218
0.242409 , 0.00146123
0.412125 , 0.00160438
0.712648 , 0.00177641
1.13946 , 0.00125141
1.645 , 0.00109205
2.12491 , 0.0015752
2.47031 , 0.00309492
2.5847 , 0.00346581
2.43534 , 0.00310035
2.07847 , 0.00194426
1.61118 , 0.0012586
1.14551 , 0.00114326
0.766951 , 0.00136795
0.519676 , 0.00152236
0.416597 , 0.00168769
0.442353 , 0.00154133
0.562923 , 0.00112132
0.726492 , 0.00046912
0.879986 , 0.000757735
0.971086 , 0.00106563
0.979123 , 0.00125587
0.881553 , 0.00102277
0.750276 , 0.000896895
0.626928 , 0.000731914
0.550708 , 0.00142149
0.552238 , 0.00170839

27
0 , 0
0 , 0
0 , 0
0 , 0
0 , 0
0 , 0
0 , 0
0 , 0
0 , 0
0 , 0
0 , 0
0 , 0
0 , 0
0 , 0
0 , 0
0 , 0
0 , 0
0 , 0
0 , 0
0 , 0
0 , 0
0 , 0
0 , 0
0 , 0
0 , 0
0 , 0
0 , 0
0 , 0
0 , 0
0 , 0
0 , 0
0 , 0
0 , 0
0 , 0
0 , 0
0 , 0
0 , 0
0 , 0
7.27091e-05 , 1.41008e-05
0.00301637 , 0.000109997
0.0426435 , 0.00050966
0.267862 , 0.00114014
0.919271 , 0.00193956
2.05109 , 0.00389179
3.32227 , 0.00256802
4.23523 , 0.00266759
4.50081 , 0.00406024
4.13425 , 0.00457646
3.37098 , 0.00349861
2.48458 , 0.00217345
1.68113 , 0.001976
1.04803 , 0.00158816
0.608258 , 0.00144424
0.329503 , 0.00141421
0.168483 , 0.000950514
0.0839568 , 0.00073671
0.0460653 , 0.000518477
0.0398353 , 0.000549104
0.056726 , 0.00055818
0.0990533 , 0.000703459
0.172674 , 0.000847184
0.282541 , 0.000891351
0.425171 , 0.000837878
0.589839 , 0.00106726
0.750535 , 0.00123793
0.866042 , 0.0013096
0.914196 , 0.00174738
0.876967 , 0.00178164
0.76334 , 0.00124743
0.605138 , 0.000773433
0.440097 , 0.00081181
0.300757 , 0.00101271
0.20879 , 0.00109039
0.182389 , 0.00115728
0.242418 , 0.0014061
0.411915 , 0.00155803
0.712347 , 0.0017357
1.13951 , 0.00120536
1.64522 , 0.00107263
2.12541 , 0.0015962
2.47047 , 0.00298232
2.58512 , 0.00336083
2.43545 , 0.00298505
2.078 , 0.00192826
1.61098 , 0.00122799
1.14538 , 0.00110759
0.766842 , 0.00132077
0.519498 , 0.00147571
0.416791 , 0.00163547
0.442472 , 0.00148793
0.56298 , 0.00108054
0.726699 , 0.000496696
0.879809 , 0.00075014
0.970976 , 0.00103135
0.979106 , 0.00120858
0.881541 , 0.000984241
0.750123 , 0.00087652
0.626998 , 0.000707768
0.5505 , 0.00138369
0.552043 , 0.00165545

28
0 , 0
0 , 0
0 , 0
0 , 0
0 , 0
0 , 0
0 , 0
0 , 0
0 , 0
0 , 0
0 , 0
0 , 0
0 , 0
0 , 0
0 , 0
0 , 0
0 , 0
0 , 0
0 , 0
0 , 0
0 , 0
0 , 0
0 , 0
0 , 0
0 , 0
0 , 0
0 , 0
0 , 0
0 , 0
0 , 0
0 , 0
0 , 0
0 , 0
0 , 0
0 , 0
0 , 0
0 , 0
0 , 0
7.01123e-05 , 1.38338e-05
0.00303314 , 0.000107314
0.0427738 , 0.000508101
0.267815 , 0.00109965
0.919153 , 0.00187274
2.0511 , 0.00375025
3.32258 , 0.00249363
4.23606 , 0.00269985
4.50042 , 0.0039317
4.13337 , 0.00449672
3.37036 , 0.00342639
2.48511 , 0.00216164
1.6814 , 0.00192427
1.0478 , 0.00154831
0.607988 , 0.00141766
0.329566 , 0.00136423
0.168589 , 0.000922048
0.0840518 , 0.000716235
0.0461004 , 0.000500846
0.0399818 , 0.000549036
0.0568249 , 0.000546896
0.0991077 , 0.000680056
0.172939 , 0.000858378
0.282747 , 0.000883269
0.425144 , 0.000807849
0.589808 , 0.00102892
0.750642 , 0.00119773
0.865757 , 0.00129376
0.913848 , 0.00171935
0.876835 , 0.00172192
0.76306 , 0.0012344
0.604991 , 0.000759501
0.439994 , 0.000789028
0.300981 , 0.00100119
0.208809 , 0.0010509
0.182616 , 0.00113795
0.242632 , 0.00137176
0.411959 , 0.00150201
0.712341 , 0.00167257
1.13976 , 0.00118879
1.64547 , 0.00106464
2.12548 , 0.00153971
2.46989 , 0.00293195
2.58469 , 0.00326685
2.43535 , 0.00287796
2.07772 , 0.00187938
1.61137 , 0.0012462
1.14562 , 0.00109464
0.766923 , 0.0012753
0.519389 , 0.00142622
0.416927 , 0.00158184
0.442659 , 0.00144593
0.563033 , 0.00104255
0.726669 , 0.000479575
0.879539 , 0.000771862
0.971159 , 0.00101066
0.979014 , 0.00116824
0.881402 , 0.000958587
0.750109 , 0.000844746
0.627047 , 0.000683736
0.550757 , 0.00135801
0.552227 , 0.0016058

29
0 , 0
0 , 0
0 , 0
0 , 0
0 , 0
0 , 0
0 , 0
0 , 0
0 , 0
0 , 0
0 , 0
0 , 0
0 , 0
0 , 0
0 , 0
0 , 0
0 , 0
0 , 0
0 , 0
0 , 0
0 , 0
0 , 0
0 , 0
0 , 0
0 , 0
0 , 0
0 , 0
0 , 0
0 , 0
0 , 0
0 , 0
0 , 0
0 , 0
0 , 0
0 , 0
0 , 0
0 , 0
0 , 0
6.76947e-05 , 1.35654e-05
0.00305093 , 0.000105066
0.0428669 , 0.000499036
0.268278 , 0.0011577
0.91981 , 0.0019227
2.05182 , 0.00369014
3.32222 , 0.00243321
4.23601 , 0.00260546
4.49893 , 0.00407516
4.13245 , 0.00443482
3.36972 , 0.00336898
2.48497 , 0.00209022
1.68129 , 0.00186045
1.0482 , 0.00154694
0.608364 , 0.00141878
0.329965 , 0.00137534
0.168748 , 0.000903747
0.0842079 , 0.000708518
0.0462067 , 0.000494827
0.0402224 , 0.000581838
0.0570471 , 0.000572566
0.099468 , 0.000748559
0.173375 , 0.000935915
0.283 , 0.000888991
0.425187 , 0.000780717
0.589839 , 0.00099328
0.750537 , 0.00116049
0.865232 , 0.00135433
0.913098 , 0.00182055
0.87611 , 0.00181267
0.762679 , 0.00125031
0.604802 , 0.000756852
0.439937 , 0.00076348
0.301358 , 0.00103722
0.209108 , 0.00105709
0.18303 , 0.00117354
0.24312 , 0.00141085
0.412412 , 0.0015183
0.712833 , 0.0016874
1.14035 , 0.00128643
1.64543 , 0.00102801
2.12484 , 0.00161536
2.46927 , 0.00289505
2.58373 , 0.00329356
2.43458 , 0.00288231
2.0772 , 0.00188626
1.61146 , 0.00120595
1.14587 , 0.00108372
0.767382 , 0.00131333
0.519905 , 0.00146968
0.417419 , 0.00160368
0.443124 , 0.00147059
0.563143 , 0.00101202
0.726618 , 0.000465624
0.879139 , 0.000845458
0.970914 , 0.0010055
0.978719 , 0.00116526
0.881318 , 0.000928676
0.750219 , 0.000822396
0.62761 , 0.000867602
0.551187 , 0.00137895
0.552793 , 0.00164958

30
0 , 0
0 , 0
0 , 0
0 , 0
0 , 0
0 , 0
0 , 0
0 , 0
0 , 0
0 , 0
0 , 0
0 , 0
0 , 0
0 , 0
0 , 0
0 , 0
0 , 0
0 , 0
0 , 0
0 , 0
0 , 0
0 , 0
0 , 0
0 , 0
0 , 0
0 , 0
0 , 0
0 , 0
0 , 0
0 , 0
0 , 0
0 , 0
0 , 0
0 , 0
0 , 0
0 , 0
0 , 0
0 , 0
6.76564e-05 , 1.31055e-05
0.00301684 , 0.000107076
0.0428148 , 0.000484918
0.268392 , 0.00112424
0.91965 , 0.00186434
2.05202 , 0.00357058
3.32228 , 0.00235156
4.2365 , 0.00256352
4.49816 , 0.00401177
4.13277 , 0.00429626
3.36956 , 0.00325858
2.48477 , 0.00202955
1.68144 , 0.00180369
1.04821 , 0.00149456
0.608368 , 0.00137067
0.329871 , 0.00133199
0.168843 , 0.000878279
0.0842024 , 0.000684516
0.046172 , 0.000479308
0.0401936 , 0.000562846
0.0570109 , 0.000554333
0.0995108 , 0.000724442
0.173271 , 0.000910212
0.283074 , 0.000861994
0.425369 , 0.000775898
0.590006 , 0.000974099
0.750716 , 0.00113545
0.864772 , 0.00138686
0.913173 , 0.00176039
0.876104 , 0.00175122
0.762651 , 0.00120825
0.604685 , 0.00074056
0.439894 , 0.000738824
0.301372 , 0.00100215
0.20918 , 0.0010238
0.182991 , 0.00113443
0.243229 , 0.00136739
0.412474 , 0.00146813
0.71301 , 0.00163977
1.14025 , 0.0012462
1.64504 , 0.00106845
2.12483 , 0.00156068
2.46961 , 0.00281776
2.5838 , 0.00318255
2.43449 , 0.00278612
2.07711 , 0.00182459
1.61156 , 0.00116908
1.1457 , 0.00106026
0.767414 , 0.00126919
0.519975 , 0.00142157
0.41748 , 0.00155052
0.443148 , 0.00142093
0.563192 , 0.000978921
0.726427 , 0.000488637
0.87912 , 0.000817002
0.970839 , 0.000974317
0.978816 , 0.00112991
0.881341 , 0.000897476
0.750155 , 0.000797031
0.627646 , 0.000838931
0.551113 , 0.00133421
0.552877 , 0.00159589

31
0 , 0
0 , 0
0 , 0
0 , 0
0 , 0
0 , 0
0 , 0
0 , 0
0 , 0
0 , 0
0 , 0
0 , 0
0 , 0
0 , 0
0 , 0
0 , 0
0 , 0
0 , 0
0 , 0
0 , 0
0 , 0
0 , 0
0 , 0
0 , 0
0 , 0
0 , 0
0 , 0
0 , 0
0 , 0
0 , 0
0 , 0
0 , 0
0 , 0
0 , 0
0 , 0
0 , 0
0 , 0
0 , 0
6.65473e-05 , 1.27241e-05
0.00304935 , 0.000108546
0.0426882 , 0.000485821
0.268114 , 0.00112248
0.919202 , 0.00185823
2.05103 , 0.00359341
3.32284 , 0.00234352
4.23727 , 0.00259796
4.49882 , 0.00393587
4.13287 , 0.00415647
3.36953 , 0.00315187
2.48528 , 0.00202769
1.68187 , 0.00179888
1.04801 , 0.00145934
0.607992 , 0.00137803
0.329639 , 0.00130904
0.168568 , 0.000893028
0.0841609 , 0.000663362
0.0460845 , 0.000471778
0.0400692 , 0.000558422
0.0568943 , 0.000548681
0.0994726 , 0.000701722
0.173106 , 0.000895611
0.283023 , 0.00083527
0.425237 , 0.000762099
0.590043 , 0.000942888
0.750878 , 0.00111006
0.864971 , 0.00135604
0.913577 , 0.00175003
0.876455 , 0.00172975
0.762758 , 0.00117351
0.60475 , 0.000719224
0.439699 , 0.000740631
0.301162 , 0.00099188
0.20903 , 0.00100142
0.182849 , 0.00110633
0.242947 , 0.00135239
0.411903 , 0.00153042
0.712429 , 0.00168914
1.1397 , 0.00132764
1.645 , 0.00103409
2.12547 , 0.0016415
2.4704 , 0.00283733
2.58468 , 0.00320082
2.43524 , 0.0027989
2.07781 , 0.00189921
1.6114 , 0.00114174
1.14548 , 0.00104907
0.767076 , 0.00127337
0.519552 , 0.00143847
0.416953 , 0.00158951
0.442934 , 0.00139091
0.563174 , 0.000946994
0.726246 , 0.000506133
0.879324 , 0.00081617
0.970816 , 0.000942652
0.978904 , 0.00109641
0.881577 , 0.000899506
0.750009 , 0.000784663
0.627619 , 0.000811872
0.550881 , 0.00131117
0.552472 , 0.00159595

32
0 , 0
0 , 0
0 , 0
0 , 0
0 , 0
0 , 0
0 , 0
0 , 0
0 , 0
0 , 0
0 , 0
0 , 0
0 , 0
0 , 0
0 , 0
0 , 0
0 , 0
0 , 0
0 , 0
0 , 0
0 , 0
0 , 0
0 , 0
0 , 0
0 , 0
0 , 0
0 , 0
0 , 0
0 , 0
0 , 0
0 , 0
0 , 0
0 , 0
0 , 0
0 , 0
0 , 0
0 , 0
0 , 0
6.55075e-05 , 1.23639e-05
0.00305011 , 0.000105102
0.0427044 , 0.000470675
0.268054 , 0.0010885
0.919308 , 0.00180236
2.05065 , 0.00350025
3.32313 , 0.00228713
4.23688 , 0.00254564
4.49872 , 0.00381221
4.13379 , 0.00412946
3.36949 , 0.00305199
2.48541 , 0.00196754
1.68164 , 0.00175692
1.04809 , 0.00141496
0.60788 , 0.00133891
0.329427 , 0.00128509
0.168585 , 0.000864836
0.0841644 , 0.000642306
0.0460772 , 0.000456856
0.040087 , 0.000540982
0.0568032 , 0.000539016
0.0995031 , 0.000680124
0.172918 , 0.000887297
0.282771 , 0.00084695
0.425175 , 0.000740441
0.590072 , 0.000913405
0.750876 , 0.00107481
0.865262 , 0.00134483
0.913646 , 0.00169584
0.876722 , 0.00169605
0.762748 , 0.00113628
0.60505 , 0.000758217
0.439734 , 0.000717962
0.30102 , 0.000970748
0.208978 , 0.000971025
0.182732 , 0.00107756
0.242854 , 0.0013127
0.411614 , 0.00150968
0.712184 , 0.00165386
1.13949 , 0.00130152
1.6447 , 0.00104563
2.12569 , 0.00160417
2.47071 , 0.0027644
2.58484 , 0.0031037
2.43586 , 0.0027792
2.07817 , 0.00187254
1.61157 , 0.00111739
1.14538 , 0.00102009
0.766882 , 0.00124804
0.51942 , 0.00139898
0.416713 , 0.00155774
0.442753 , 0.00135876
0.56312 , 0.00091848
0.725995 , 0.000550322
0.879293 , 0.000790863
0.970938 , 0.000920954
0.979142 , 0.00108785
0.881776 , 0.000893472
0.749998 , 0.000759827
0.627491 , 0.000796328
0.550632 , 0.0012937
0.552304 , 0.00155438

33
0 , 0
0 , 0
0 , 0
0 , 0
0 , 0
0 , 0
0 , 0
0 , 0
0 , 0
0 , 0
0 , 0
0 , 0
0 , 0
0 , 0
0 , 0
0 , 0
0 , 0
0 , 0
0 , 0
0 , 0
0 , 0
0 , 0
0 , 0
0 , 0
0 , 0
0 , 0
0 , 0
0 , 0
0 , 0
0 , 0
0 , 0
0 , 0
0 , 0
0 , 0
0 , 0
0 , 0
0 , 0
0 , 0
6.35224e-05 , 1.21467e-05
0.0030566 , 0.000102074
0.0426391 , 0.000460839
0.267737 , 0.00110134
0.918799 , 0.00181953
2.04969 , 0.00352592
3.32316 , 0.00221688
4.23819 , 0.00279284
4.49893 , 0.00370098
4.1346 , 0.00408319
3.36976 , 0.00296999
2.48582 , 0.00195109
1.68199 , 0.00173786
1.04779 , 0.0014027
0.60761 , 0.00132561
0.329155 , 0.00127493
0.168337 , 0.000874093
0.083901 , 0.000675958
0.0458785 , 0.000485342
0.0398771 , 0.000564776
0.0566381 , 0.000547902
0.0993713 , 0.000672244
0.172811 , 0.000866682
0.28262 , 0.000834794
0.425116 , 0.000720088
0.590025 , 0.000886573
0.751059 , 0.00105762
0.865559 , 0.0013369
0.913959 , 0.0016732
0.877227 , 0.00171957
0.763117 , 0.00116162
0.605188 , 0.000747861
0.439707 , 0.000696389
0.300884 , 0.000950776
0.20862 , 0.00100693
0.182436 , 0.00108565
0.242368 , 0.00136231
0.411189 , 0.00152372
0.711526 , 0.00173238
1.13907 , 0.00132996
1.64495 , 0.00104311
2.12596 , 0.00157905
2.47174 , 0.00286984
2.58555 , 0.00308919
2.43676 , 0.00284053
2.07834 , 0.00182316
1.6117 , 0.00109153
1.14533 , 0.000990068
0.766533 , 0.00125906
0.518805 , 0.00148916
0.416337 , 0.00155579
0.442468 , 0.00134751
0.56304 , 0.000893868
0.725851 , 0.000552636
0.879188 , 0.00077372
0.971253 , 0.000946293
0.979395 , 0.00108433
0.881899 , 0.000874606
0.749827 , 0.000756014
0.627254 , 0.000807583
0.550149 , 0.00134394
0.551923 , 0.00155377

34
0 , 0
0 , 0
0 , 0
0 , 0
0 , 0
0 , 0
0 , 0
0 , 0
0 , 0
0 , 0
0 , 0
0 , 0
0 , 0
0 , 0
0 , 0
0 , 0
0 , 0
0 , 0
0 , 0
0 , 0
0 , 0
0 , 0
0 , 0
0 , 0
0 , 0
0 , 0
0 , 0
0 , 0
0 , 0
0 , 0
0 , 0
0 , 0
0 , 0
0 , 0
0 , 0
0 , 0
0 , 0
0 , 0
6.36114e-05 , 1.17843e-05
0.00307761 , 0.000101231
0.042671 , 0.000448213
0.267685 , 0.00106974
0.918526 , 0.00178609
2.04971 , 0.0034207
3.32279 , 0.00218086
4.23859 , 0.0027384
4.49989 , 0.0037156
4.13463 , 0.00396139
3.36956 , 0.00288776
2.48534 , 0.00195178
1.68167 , 0.00171724
1.04755 , 0.00138206
0.607684 , 0.00128815
0.329232 , 0.00123928
0.168387 , 0.000849458
0.0840158 , 0.000665749
0.0459856 , 0.000482872
0.0399766 , 0.000556868
0.0567305 , 0.00053951
0.0994454 , 0.000656372
0.172917 , 0.000847555
0.282716 , 0.000815543
0.425205 , 0.000704186
0.590129 , 0.000866425
0.750726 , 0.00107863
0.865485 , 0.00129911
0.913547 , 0.00167458
0.876873 , 0.00170535
0.763332 , 0.00114725
0.605099 , 0.000731037
0.439917 , 0.000707321
0.300922 , 0.000923203
0.208645 , 0.000977184
0.182407 , 0.00105363
0.242369 , 0.00132164
0.41137 , 0.00148919
0.711577 , 0.00168141
1.13931 , 0.0013115
1.64503 , 0.00101534
2.12607 , 0.00153542
2.47173 , 0.00278418
2.58497 , 0.00305199
2.43644 , 0.00277472
2.07821 , 0.00177357
1.61169 , 0.00105902
1.14538 , 0.000961946
0.766755 , 0.00124158
0.519162 , 0.0014883
0.41637 , 0.00150969
0.442592 , 0.0013131
0.562942 , 0.000872694
0.725828 , 0.000536627
0.879169 , 0.000750866
0.971294 , 0.000918947
0.979168 , 0.00107617
0.881913 , 0.000848603
0.749842 , 0.000733591
0.627469 , 0.000812628
0.550168 , 0.00130397
0.551981 , 0.00150848

35
0 , 0
0 , 0
0 , 0
0 , 0
0 , 0
0 , 0
0 , 0
0 , 0
0 , 0
0 , 0
0 , 0
0 , 0
0 , 0
0 , 0
0 , 0
0 , 0
0 , 0
0 , 0
0 , 0
0 , 0
0 , 0
0 , 0
0 , 0
0 , 0
0 , 0
0 , 0
0 , 0
0 , 0
0 , 0
0 , 0
0 , 0
0 , 0
0 , 0
0 , 0
0 , 0
0 , 0
0 , 0
0 , 0
7.3202e-05 , 1.49304e-05
0.00306392 , 9.92444e-05
0.0428107 , 0.000457083
0.267588 , 0.00104326
0.918535 , 0.00173433
2.0497 , 0.00332154
3.32256 , 0.00213046
4.23828 , 0.00267732
4.49973 , 0.00361127
4.13504 , 0.00386765
3.36954 , 0.00280418
2.48572 , 0.00193272
1.68153 , 0.00167282
1.04801 , 0.0014174
0.607574 , 0.00125557
0.329176 , 0.00120468
0.168268 , 0.000833314
0.0839175 , 0.000653884
0.0459799 , 0.000468907
0.0399224 , 0.000543435
0.0566897 , 0.000525448
0.0993945 , 0.000639373
0.172873 , 0.000824194
0.282663 , 0.00079364
0.425289 , 0.000688902
0.590097 , 0.000841927
0.75076 , 0.0010479
0.865207 , 0.00129161
0.913618 , 0.00162758
0.87697 , 0.00165873
0.763664 , 0.00116229
0.605013 , 0.000715028
0.440067 , 0.000703136
0.300949 , 0.000896845
0.208517 , 0.000957447
0.182396 , 0.00102314
0.2423 , 0.00128522
0.411229 , 0.00145287
0.711533 , 0.00163324
1.13942 , 0.00127828
1.64483 , 0.00100544
2.12653 , 0.00156078
2.47194 , 0.00271144
2.58477 , 0.00297037
2.43642 , 0.00269434
2.07802 , 0.00173302
1.61162 , 0.00103031
1.14549 , 0.000940238
0.766819 , 0.00120728
0.519043 , 0.00145009
0.416404 , 0.00146632
0.442587 , 0.00127504
0.562874 , 0.000850098
0.725813 , 0.000521282
0.879274 , 0.000736684
0.971359 , 0.000894733
0.979182 , 0.00104506
0.881675 , 0.000857518
0.749777 , 0.000715333
0.627354 , 0.000797418
0.550274 , 0.00127055
0.551874 , 0.00146869

36
0 , 0
0 , 0
0 , 0
0 , 0
0 , 0
0 , 0
0 , 0
0 , 0
0 , 0
0 , 0
0 , 0
0 , 0
0 , 0
0 , 0
0 , 0
0 , 0
0 , 0
0 , 0
0 , 0
0 , 0
0 , 0
0 , 0
0 , 0
0 , 0
0 , 0
0 , 0
0 , 0
0 , 0
0 , 0
0 , 0
0 , 0
0 , 0
0 , 0
0 , 0
0 , 0
0 , 0
0 , 0
0 , 0
7.30172e-05 , 1.45109e-05
0.00307212 , 9.67961e-05
0.0427772 , 0.000445461
0.267624 , 0.00101452
0.918554 , 0.00168557
2.05045 , 0.00331482
3.32267 , 0.00207335
4.23759 , 0.00268968
4.49981 , 0.00351049
4.13462 , 0.00378202
3.3694 , 0.00272872
2.48581 , 0.00188017
1.68124 , 0.00165238
1.048 , 0.00137747
0.607612 , 0.00122079
0.329325 , 0.00118016
0.168388 , 0.000818711
0.084042 , 0.000647538
0.0460729 , 0.000465087
0.0400185 , 0.000536798
0.0567362 , 0.000512753
0.099603 , 0.000655394
0.172863 , 0.000801034
0.282631 , 0.000771926
0.425219 , 0.000673157
0.589874 , 0.000848086
0.750646 , 0.00102473
0.865369 , 0.00126561
0.913483 , 0.00158746
0.876895 , 0.00161372
0.763663 , 0.00112955
0.605159 , 0.000709991
0.439997 , 0.000686935
0.300881 , 0.000874242
0.208532 , 0.000930582
0.182491 , 0.000998849
0.242397 , 0.00125277
0.411408 , 0.00142325
0.711514 , 0.00158735
1.13943 , 0.00124232
1.64495 , 0.000983729
2.12636 , 0.00152603
2.47167 , 0.00264794
2.58446 , 0.00290268
2.43634 , 0.00261965
2.07813 , 0.00168782
1.6118 , 0.00101585
1.14557 , 0.000916961
0.766772 , 0.00117421
0.519186 , 0.00141645
0.4164 , 0.00142501
0.442719 , 0.00124614
0.56289 , 0.000826307
0.725724 , 0.000514319
0.879114 , 0.000733623
0.971207 , 0.000882778
0.979337 , 0.00102742
0.881775 , 0.000839319
0.749953 , 0.000717246
0.627469 , 0.000783353
0.550426 , 0.00124403
0.551829 , 0.001428

37
0 , 0
0 , 0
0 , 0
0 , 0
0 , 0
0 , 0
0 , 0
0 , 0
0 , 0
0 , 0
0 , 0
0 , 0
0 , 0
0 , 0
0 , 0
0 , 0
0 , 0
0 , 0
0 , 0
0 , 0
0 , 0
0 , 0
0 , 0
0 , 0
0 , 0
0 , 0
0 , 0
0 , 0
0 , 0
0 , 0
0 , 0
0 , 0
0 , 0
0 , 0
0 , 0
0 , 0
0 , 0
0 , 0
7.28423e-05 , 1.41143e-05
0.00311157 , 0.000102073
0.0428632 , 0.000441703
0.268031 , 0.0010671
0.918768 , 0.00165325
2.05048 , 0.00322407
3.32262 , 0.00201727
4.23693 , 0.00269789
4.49959 , 0.00342138
4.13405 , 0.00372252
3.36928 , 0.00265638
2.48596 , 0.00183527
1.68149 , 0.00162751
1.0481 , 0.00134303
0.607767 , 0.00119732
0.329406 , 0.0011507
0.168484 , 0.000802062
0.0839746 , 0.000633391
0.0460867 , 0.000452554
0.0400481 , 0.00052293
0.0569131 , 0.000529162
0.099726 , 0.000649211
0.172966 , 0.000785928
0.282772 , 0.000763825
0.425241 , 0.000655103
0.58978 , 0.000830127
0.750482 , 0.00100996
0.864892 , 0.00132032
0.913202 , 0.00156938
0.876777 , 0.00157393
0.763734 , 0.00110088
0.605377 , 0.000724137
0.440174 , 0.000691177
0.300918 , 0.000851069
0.208612 , 0.00090861
0.182565 , 0.000974286
0.242563 , 0.00122978
0.411675 , 0.00140971
0.712018 , 0.00162412
1.13958 , 0.00121757
1.64491 , 0.000957542
2.12615 , 0.00149891
2.47089 , 0.00269285
2.5837 , 0.00292605
2.43617 , 0.00255345
2.07794 , 0.0016518
1.612 , 0.00100921
1.14574 , 0.000907792
0.767023 , 0.00116932
0.519335 , 0.0013857
0.416739 , 0.00142687
0.442884 , 0.00122313
0.562982 , 0.000808848
0.725643 , 0.000506682
0.878941 , 0.000734109
0.97113 , 0.000862052
0.979191 , 0.00100988
0.88164 , 0.000827389
0.749953 , 0.000697592
0.627476 , 0.00076192
0.550759 , 0.00125495
0.552057 , 0.00140746

38
0 , 0
0 , 0
0 , 0
0 , 0
0 , 0
0 , 0
0 , 0
0 , 0
0 , 0
0 , 0
0 , 0
0 , 0
0 , 0
0 , 0
0 , 0
0 , 0
0 , 0
0 , 0
0 , 0
0 , 0
0 , 0
0 , 0
0 , 0
0 , 0
0 , 0
0 , 0
0 , 0
0 , 0
0 , 0
0 , 0
0 , 0
0 , 0
0 , 0
0 , 0
0 , 0
0 , 0
0 , 0
0 , 0
7.1801e-05 , 1.37773e-05
0.00310974 , 9.93676e-05
0.0428644 , 0.000429923
0.267904 , 0.00104633
0.918122 , 0.00173376
2.05057 , 0.00313948
3.32278 , 0.00197011
4.2374 , 0.00266719
4.49949 , 0.00333175
4.13381 , 0.00363118
3.3692 , 0.00258697
2.48683 , 0.00198501
1.68155 , 0.00158518
1.04832 , 0.00132603
0.607544 , 0.00118649
0.329309 , 0.00112415
0.168361 , 0.00079038
0.0838208 , 0.000635388
0.0460108 , 0.00044697
0.0399935 , 0.00051191
0.0569097 , 0.00051506
0.0996843 , 0.000633272
0.173125 , 0.000781331
0.282906 , 0.000755417
0.425263 , 0.000637991
0.589755 , 0.000808382
0.750462 , 0.000983231
0.864678 , 0.00130267
0.91311 , 0.00153031
0.876729 , 0.00153271
0.763869 , 0.00108
0.605447 , 0.000708348
0.440115 , 0.000675305
0.300872 , 0.000829629
0.208605 , 0.000884404
0.182503 , 0.000950309
0.2424 , 0.00120808
0.411657 , 0.00137222
0.711882 , 0.00158668
1.13951 , 0.00118745
1.6449 , 0.000932077
2.12642 , 0.00148359
2.47089 , 0.00262103
2.58394 , 0.00285872
2.43629 , 0.00248807
2.07803 , 0.00160991
1.61209 , 0.000985893
1.14589 , 0.000896104
0.76702 , 0.00113814
0.519248 , 0.00135152
0.416556 , 0.00140082
0.442764 , 0.0011966
0.56308 , 0.000793437
0.725716 , 0.000498512
0.878822 , 0.000724425
0.971155 , 0.000839446
0.979052 , 0.000992741
0.88162 , 0.000805568
0.749985 , 0.000679749
0.627585 , 0.000749647
0.550716 , 0.00122221
0.552233 , 0.00138118

39
0 , 0
0 , 0
0 , 0
0 , 0
0 , 0
0 , 0
0 , 0
0 , 0
0 , 0
0 , 0
0 , 0
0 , 0
0 , 0
0 , 0
0 , 0
0 , 0
0 , 0
0 , 0
0 , 0
0 , 0
0 , 0
0 , 0
0 , 0
0 , 0
0 , 0
0 , 0
0 , 0
0 , 0
0 , 0
0 , 0
0 , 0
0 , 0
0 , 0
0 , 0
0 , 0
0 , 0
0 , 0
0 , 0
7.16663e-05 , 1.34201e-05
0.00309257 , 9.82975e-05
0.0429476 , 0.000426941
0.26816 , 0.00105088
0.918737 , 0.00179705
2.051 , 0.00308737
3.32264 , 0.00192387
4.23656 , 0.00273127
4.49877 , 0.00332421
4.13348 , 0.003552
3.36867 , 0.00257393
2.48658 , 0.00195007
1.68197 , 0.00159917
1.04856 , 0.00131415
0.607912 , 0.00121304
0.329385 , 0.00109756
0.168485 , 0.000779829
0.0838146 , 0.000618913
0.0461122 , 0.000447012
0.040133 , 0.000517749
0.0570788 , 0.00052943
0.0998489 , 0.000638416
0.173458 , 0.000830523
0.283173 , 0.000782708
0.425494 , 0.000663173
0.589696 , 0.000789556
0.750174 , 0.00100007
0.86441 , 0.00129681
0.912613 , 0.00157107
0.876093 , 0.00162256
0.763555 , 0.0010977
0.605286 , 0.000708437
0.440219 , 0.00066593
0.301045 , 0.000826376
0.208964 , 0.000933515
0.182847 , 0.000987492
0.242665 , 0.0012062
0.412099 , 0.00140772
0.712335 , 0.0016107
1.13969 , 0.00117062
1.64476 , 0.000917928
2.1262 , 0.0014625
2.47031 , 0.00261708
2.58309 , 0.00291208
2.43569 , 0.00249451
2.07774 , 0.00159331
1.61214 , 0.000961972
1.14619 , 0.000924716
0.767285 , 0.00113984
0.519618 , 0.00136744
0.416903 , 0.00140783
0.44313 , 0.00122189
0.563178 , 0.000778959
0.725712 , 0.000485575
0.878707 , 0.000714929
0.970879 , 0.000862915
0.978799 , 0.00099938
0.881496 , 0.000794401
0.749987 , 0.000662094
0.627796 , 0.000760072
0.551228 , 0.00129586
0.552745 , 0.00143925

40
0 , 0
0 , 0
0 , 0
0 , 0
0 , 0
0 , 0
0 , 0
0 , 0
0 , 0
0 , 0
0 , 0
0 , 0
0 , 0
0 , 0
0 , 0
0 , 0
0 , 0
0 , 0
0 , 0
0 , 0
0 , 0
0 , 0
0 , 0
0 , 0
0 , 0
0 , 0
0 , 0
0 , 0
0 , 0
0 , 0
0 , 0
0 , 0
0 , 0
0 , 0
0 , 0
0 , 0
0 , 0
0 , 0
7.23702e-05 , 1.30992e-05
0.00308418 , 9.61752e-05
0.0429994 , 0.000419348
0.268067 , 0.0010285
0.918812 , 0.00175317
2.05023 , 0.00310443
3.3221 , 0.00195081
4.23725 , 0.00275079
4.49912 , 0.00325881
4.1341 , 0.00351788
3.36911 , 0.00254742
2.48639 , 0.00190975
1.68156 , 0.00161229
1.04829 , 0.00130955
0.607883 , 0.00118268
0.329406 , 0.00106997
0.168473 , 0.000760189
0.0838462 , 0.000604071
0.046132 , 0.000436142
0.0401768 , 0.000506541
0.0571586 , 0.000522159
0.0998841 , 0.000623246
0.173415 , 0.000810606
0.283157 , 0.000763053
0.425365 , 0.000659246
0.589744 , 0.000771023
0.750122 , 0.000976167
0.864447 , 0.0012645
0.912648 , 0.00153168
0.876025 , 0.00158296
0.763497 , 0.00107146
0.60533 , 0.000691862
0.440262 , 0.000650472
0.301055 , 0.00080552
0.208898 , 0.000912296
0.182871 , 0.000962782
0.242724 , 0.00117712
0.412073 , 0.00137233
0.712318 , 0.00157002
1.13936 , 0.0011873
1.64448 , 0.000939629
2.12632 , 0.00143094
2.47037 , 0.00255142
2.58358 , 0.00288114
2.43579 , 0.00243322
2.07783 , 0.00155537
1.61213 , 0.000937655
1.14609 , 0.000907108
0.767222 , 0.00111277
0.519566 , 0.00133386
0.416764 , 0.0013792
0.443049 , 0.00119374
0.563227 , 0.000760804
0.725765 , 0.000476159
0.878795 , 0.000702429
0.97104 , 0.000856205
0.978851 , 0.000975445
0.88143 , 0.000777105
0.750091 , 0.000653698
0.627766 , 0.000741464
0.551191 , 0.00126359
0.55276 , 0.00140289

41
0 , 0
0 , 0
0 , 0
0 , 0
0 , 0
0 , 0
0 , 0
0 , 0
0 , 0
0 , 0
0 , 0
0 , 0
0 , 0
0 , 0
0 , 0
0 , 0
0 , 0
0 , 0
0 , 0
0 , 0
0 , 0
0 , 0
0 , 0
0 , 0
0 , 0
0 , 0
0 , 0
0 , 0
0 , 0
0 , 0
0 , 0
0 , 0
0 , 0
0 , 0
0 , 0
0 , 0
0 , 0
0 , 0
7.38513e-05 , 1.28613e-05
0.00306383 , 9.59816e-05
0.0429456 , 0.000412523
0.268011 , 0.00100465
0.918246 , 0.00180101
2.04947 , 0.00312198
3.32165 , 0.00195545
4.23785 , 0.00274978
4.49978 , 0.00324634
4.13485 , 0.00351217
3.36984 , 0.00258912
2.48658 , 0.00187279
1.6815 , 0.00157356
1.04814 , 0.00128571
0.607519 , 0.00120967
0.329277 , 0.00105145
0.168267 , 0.00076926
0.083772 , 0.000593805
0.0460874 , 0.000427702
0.0401035 , 0.000499447
0.0570658 , 0.000517657
0.0998265 , 0.000610585
0.173409 , 0.000790616
0.282971 , 0.000767028
0.425256 , 0.000652013
0.589872 , 0.00076284
0.750176 , 0.000953626
0.864487 , 0.00123392
0.912845 , 0.00150681
0.876277 , 0.00156431
0.763733 , 0.00107125
0.605481 , 0.000691504
0.440182 , 0.000639455
0.300774 , 0.000834552
0.208715 , 0.00090845
0.182736 , 0.000948595
0.242449 , 0.00118054
0.411863 , 0.00135481
0.711986 , 0.00156679
1.13896 , 0.00122363
1.64426 , 0.000941774
2.12664 , 0.00143046
2.47136 , 0.00267968
2.58406 , 0.00285039
2.43626 , 0.00241855
2.07815 , 0.00155056
1.6121 , 0.000915028
1.14597 , 0.00089254
0.766984 , 0.00111107
0.519264 , 0.00133544
0.416494 , 0.0013719
0.442747 , 0.00120265
0.563065 , 0.000759534
0.725782 , 0.000464706
0.878857 , 0.000687842
0.971199 , 0.000850072
0.979048 , 0.000971565
0.881416 , 0.000758052
0.750274 , 0.000663188
0.627768 , 0.000723156
0.550962 , 0.00125359
0.552465 , 0.00139967

42
0 , 0
0 , 0
0 , 0
0 , 0
0 , 0
0 , 0
0 , 0
0 , 0
0 , 0
0 , 0
0 , 0
0 , 0
0 , 0
0 , 0
0 , 0
0 , 0
0 , 0
0 , 0
0 , 0
0 , 0
0 , 0
0 , 0
0 , 0
0 , 0
0 , 0
0 , 0
0 , 0
0 , 0
0 , 0
0 , 0
0 , 0
0 , 0
0 , 0
0 , 0
0 , 0
0 , 0
0 , 0
0 , 0
7.20929e-05 , 1.26739e-05
0.00306785 , 9.37543e-05
0.0428727 , 0.000409123
0.267981 , 0.000980907
0.918093 , 0.00176429
2.04933 , 0.00305021
3.32154 , 0.00191123
4.23775 , 0.0026856
4.5 , 0.00317625
4.1353 , 0.00345644
3.37042 , 0.00259101
2.48684 , 0.00184582
1.68137 , 0.0015411
1.04801 , 0.00126208
0.607302 , 0.00120031
0.329049 , 0.00105123
0.168175 , 0.000756428
0.0837183 , 0.00058198
0.0460484 , 0.000419217
0.0400831 , 0.000487833
0.057086 , 0.000505586
0.0997825 , 0.000597487
0.173321 , 0.000776545
0.282844 , 0.000759278
0.425122 , 0.000650258
0.589761 , 0.000752609
0.750159 , 0.0009308
0.864721 , 0.00122677
0.913148 , 0.00150144
0.876649 , 0.00157138
0.763743 , 0.00104548
0.605453 , 0.000675435
0.440142 , 0.000625294
0.30075 , 0.000814792
0.208605 , 0.000893262
0.182571 , 0.000940333
0.242254 , 0.00116841
0.411689 , 0.00133352
0.711835 , 0.0015365
1.13894 , 0.0011943
1.64399 , 0.000957879
2.12698 , 0.00143763
2.47159 , 0.00262545
2.58444 , 0.00280728
2.43656 , 0.00237983
2.07806 , 0.00151618
1.6124 , 0.000939733
1.14571 , 0.000909309
0.766975 , 0.00108433
0.519085 , 0.00131553
0.416509 , 0.00133892
0.442679 , 0.00117564
0.562851 , 0.000771461
0.725725 , 0.000457012
0.878889 , 0.000672034
0.971215 , 0.000829742
0.97909 , 0.000949052
0.8814 , 0.000739941
0.750286 , 0.000647324
0.627886 , 0.00071553
0.550841 , 0.00122928
0.552208 , 0.00138989

43
0 , 0
0 , 0
0 , 0
0 , 0
0 , 0
0 , 0
0 , 0
0 , 0
0 , 0
0 , 0
0 , 0
0 , 0
0 , 0
0 , 0
0 , 0
0 , 0
0 , 0
0 , 0
0 , 0
0 , 0
0 , 0
0 , 0
0 , 0
0 , 0
0 , 0
0 , 0
0 , 0
0 , 0
0 , 0
0 , 0
0 , 0
0 , 0
0 , 0
0 , 0
0 , 0
0 , 0
0 , 0
0 , 0
7.5833e-05 , 1.29284e-05
0.00305841 , 9.20334e-05
0.0428854 , 0.000399698
0.268185 , 0.000979268
0.918428 , 0.00175504
2.05007 , 0.00307026
3.32231 , 0.00201643
4.23711 , 0.00269789
4.49927 , 0.0031868
4.13409 , 0.00358335
3.36931 , 0.00275941
2.48724 , 0.00184633
1.68151 , 0.00151192
1.04831 , 0.00126847
0.607476 , 0.00118493
0.329418 , 0.00109107
0.168268 , 0.000744443
0.0837392 , 0.00056867
0.0461098 , 0.000413935
0.0400986 , 0.000476603
0.0571708 , 0.000500921
0.0999024 , 0.000595612
0.173453 , 0.000769732
0.282967 , 0.000751537
0.425144 , 0.000635317
0.58971 , 0.000736701
0.750011 , 0.000920958
0.864462 , 0.00122553
0.912756 , 0.00151753
0.876682 , 0.00153475
0.763778 , 0.0010215
0.605443 , 0.000659607
0.44023 , 0.000616907
0.300865 , 0.000803894
0.208735 , 0.000881878
0.182722 , 0.000930505
0.242464 , 0.00116005
0.411953 , 0.00132858
0.712258 , 0.00155888
1.13923 , 0.00120084
1.64395 , 0.000936029
2.12673 , 0.00142574
2.47094 , 0.00264623
2.58363 , 0.00285742
2.43614 , 0.00236169
2.07786 , 0.00149389
1.61259 , 0.00093751
1.14574 , 0.000888479
0.767165 , 0.0010756
0.519369 , 0.00131566
0.416834 , 0.0013472
0.442885 , 0.00116625
0.562935 , 0.000758029
0.725801 , 0.000452671
0.878826 , 0.000659266
0.971062 , 0.000824542
0.978873 , 0.000951806
0.881313 , 0.000727802
0.750203 , 0.000637608
0.628067 , 0.000721853
0.551062 , 0.00122048
0.552345 , 0.00136406

44
0 , 0
0 , 0
0 , 0
0 , 0
0 , 0
0 , 0
0 , 0
0 , 0
0 , 0
0 , 0
0 , 0
0 , 0
0 , 0
0 , 0
0 , 0
0 , 0
0 , 0
0 , 0
0 , 0
0 , 0
0 , 0
0 , 0
0 , 0
0 , 0
0 , 0
0 , 0
0 , 0
0 , 0
0 , 0
0 , 0
0 , 0
0 , 0
0 , 0
0 , 0
0 , 0
0 , 0
0 , 0
0 , 0
7.71344e-05 , 1.2698e-05
0.003053 , 9.008e-05
0.0428591 , 0.000391394
0.268083 , 0.000962148
0.918289 , 0.00172034
2.04961 , 0.00303564
3.32253 , 0.00198244
4.23712 , 0.00263587
4.50019 , 0.00324477
4.13399 , 0.0035025
3.369 , 0.00271419
2.48745 , 0.00181544
1.68133 , 0.00148792
1.04835 , 0.00124007
0.607593 , 0.00116363
0.329372 , 0.00106701
0.168216 , 0.000729129
0.0837307 , 0.000555661
0.0460894 , 0.000404931
0.0401063 , 0.000465709
0.057121 , 0.000491937
0.0998774 , 0.000582453
0.173421 , 0.000752735
0.283062 , 0.000740407
0.425017 , 0.000633539
0.589699 , 0.000719838
0.749918 , 0.00090452
0.864395 , 0.00119922
0.91304 , 0.00150956
0.876754 , 0.00150117
0.763689 , 0.00100199
0.605527 , 0.000649917
0.440135 , 0.000610274
0.300866 , 0.000785412
0.208742 , 0.00086163
0.182695 , 0.000909528
0.242441 , 0.00113361
0.411815 , 0.00130533
0.712267 , 0.00152307
1.13922 , 0.00117327
1.64404 , 0.000918267
2.1268 , 0.00139449
2.47077 , 0.00259067
2.58361 , 0.0027918
2.43624 , 0.0023094
2.0781 , 0.00148018
1.61257 , 0.000916146
1.14578 , 0.000868706
0.767128 , 0.00105153
0.519278 , 0.00128864
0.416895 , 0.00131762
0.442748 , 0.00114763
0.562947 , 0.000740702
0.725778 , 0.000442854
0.878939 , 0.000654077
0.971119 , 0.000807597
0.978884 , 0.000929991
0.881228 , 0.000716136
0.750031 , 0.000646177
0.628128 , 0.000707889
0.551057 , 0.00119243
0.552385 , 0.00133329

45
0 , 0
0 , 0
0 , 0
0 , 0
0 , 0
0 , 0
0 , 0
0 , 0
0 , 0
0 , 0
0 , 0
0 , 0
0 , 0
0 , 0
0 , 0
0 , 0
0 , 0
0 , 0
0 , 0
0 , 0
0 , 0
0 , 0
0 , 0
0 , 0
0 , 0
0 , 0
0 , 0
0 , 0
0 , 0
0 , 0
0 , 0
0 , 0
0 , 0
0 , 0
0 , 0
0 , 0
0 , 0
0 , 0
7.54203e-05 , 1.25304e-05
0.00304149 , 8.88042e-05
0.042832 , 0.000383559
0.267978 , 0.000946428
0.918075 , 0.00169517
2.04955 , 0.00296802
3.32199 , 0.00201134
4.23722 , 0.00257853
4.50093 , 0.00325863
4.13416 , 0.00342787
3.36932 , 0.00267266
2.4875 , 0.00177534
1.6815 , 0.00146342
1.04828 , 0.00121433
0.607602 , 0.00113751
0.329167 , 0.001063
0.168187 , 0.00071334
0.0836026 , 0.000558076
0.0459991 , 0.000406012
0.0400023 , 0.000466965
0.0570528 , 0.000485689
0.0997865 , 0.00057657
0.173278 , 0.000749603
0.282878 , 0.000746995
0.424954 , 0.000622487
0.589663 , 0.000704578
0.750254 , 0.000945862
0.864797 , 0.00123911
0.913199 , 0.00148415
0.876891 , 0.00147387
0.763728 , 0.000980237
0.605425 , 0.000643484
0.440066 , 0.000600516
0.300738 , 0.000778307
0.208603 , 0.00085367
0.182539 , 0.000902577
0.242164 , 0.00114204
0.411576 , 0.00129823
0.712117 , 0.0014964
1.1389 , 0.00119043
1.64401 , 0.000898087
2.12705 , 0.00138673
2.47111 , 0.00255513
2.58423 , 0.00279744
2.43663 , 0.00229222
2.07832 , 0.0014626
1.6127 , 0.000904887
1.14584 , 0.000851978
0.766917 , 0.00104933
0.519165 , 0.00126472
0.416579 , 0.00132623
0.442476 , 0.00115431
0.562745 , 0.000751729
0.725766 , 0.000433075
0.879058 , 0.000650336
0.971245 , 0.000799438
0.978932 , 0.000910355
0.881271 , 0.000701345
0.750075 , 0.000633199
0.628045 , 0.000697008
0.550882 , 0.00117862
0.552249 , 0.00131047

46
0 , 0
0 , 0
0 , 0
0 , 0
0 , 0
0 , 0
0 , 0
0 , 0
0 , 0
0 , 0
0 , 0
0 , 0
0 , 0
0 , 0
0 , 0
0 , 0
0 , 0
0 , 0
0 , 0
0 , 0
0 , 0
0 , 0
0 , 0
0 , 0
0 , 0
0 , 0
0 , 0
0 , 0
0 , 0
0 , 0
0 , 0
0 , 0
0 , 0
0 , 0
0 , 0
0 , 0
0 , 0
0 , 0
7.45041e-05 , 1.22892e-05
0.00302566 , 8.8283e-05
0.0428264 , 0.00037517
0.267898 , 0.000929045
0.91825 , 0.00166707
2.04939 , 0.0029072
3.32207 , 0.00196872
4.23693 , 0.00253783
4.50138 , 0.00321817
4.13365 , 0.00339076
3.36944 , 0.00261658
2.48792 , 0.0017863
1.68156 , 0.00143271
1.04837 , 0.0011913
0.607401 , 0.00113056
0.329079 , 0.00104331
0.16813 , 0.000700008
0.0835762 , 0.000546445
0.0459875 , 0.000397255
0.0400044 , 0.000456706
0.0570041 , 0.000477502
0.09971 , 0.000569073
0.173196 , 0.000737653
0.282912 , 0.000731375
0.424956 , 0.000608807
0.589739 , 0.000693173
0.750381 , 0.000933761
0.864835 , 0.00121247
0.913158 , 0.0014521
0.876871 , 0.00144162
0.763745 , 0.000958854
0.605505 , 0.000634432
0.440075 , 0.000587387
0.300733 , 0.000761218
0.208505 , 0.000840633
0.182469 , 0.000885544
0.242164 , 0.00111693
0.41154 , 0.00127019
0.71224 , 0.00146871
1.13895 , 0.00116521
1.64395 , 0.000880237
2.12702 , 0.00135658
2.47091 , 0.00250687
2.58431 , 0.00273727
2.43674 , 0.00224419
2.07838 , 0.00143202
1.61287 , 0.000901531
1.14602 , 0.000850844
0.766807 , 0.00103209
0.519041 , 0.00124314
0.41652 , 0.00129842
0.442386 , 0.00113258
0.562756 , 0.000735281
0.725704 , 0.000428104
0.878982 , 0.000640598
0.971286 , 0.000782976
0.978959 , 0.000890771
0.88134 , 0.000689413
0.750125 , 0.000621255
0.627922 , 0.000692647
0.550736 , 0.001162
0.552211 , 0.00128221

47
0 , 0
0 , 0
0 , 0
0 , 0
0 , 0
0 , 0
0 , 0
0 , 0
0 , 0
0 , 0
0 , 0
0 , 0
0 , 0
0 , 0
0 , 0
0 , 0
0 , 0
0 , 0
0 , 0
0 , 0
0 , 0
0 , 0
0 , 0
0 , 0
0 , 0
0 , 0
0 , 0
0 , 0
0 , 0
0 , 0
0 , 0
0 , 0
0 , 0
0 , 0
0 , 0
0 , 0
0 , 0
0 , 0
7.71666e-05 , 1.23161e-05
0.00300713 , 8.83487e-05
0.0428596 , 0.0003686
0.267803 , 0.000913979
0.918275 , 0.00163141
2.04923 , 0.00284884
3.32159 , 0.00198518
4.23773 , 0.00260621
4.50122 , 0.00315318
4.13397 , 0.0033335
3.36955 , 0.0025626
2.48755 , 0.00178574
1.68163 , 0.00140361
1.04836 , 0.0011657
0.607239 , 0.00111801
0.329094 , 0.00102098
0.168165 , 0.000685865
0.0836054 , 0.000535489
0.0460009 , 0.000388941
0.0399861 , 0.000447259
0.0569981 , 0.00046727
0.0996532 , 0.000559717
0.173178 , 0.000722007
0.282935 , 0.000716012
0.424825 , 0.000609994
0.589754 , 0.000678438
0.750315 , 0.000916045
0.864942 , 0.00119124
0.913287 , 0.00142671
0.876824 , 0.00141137
0.763782 , 0.000938959
0.605682 , 0.000645397
0.440108 , 0.000575676
0.300752 , 0.000745099
0.208521 , 0.000822709
0.182354 , 0.000874111
0.242122 , 0.0010937
0.411524 , 0.00124297
0.712161 , 0.00143929
1.13896 , 0.00114018
1.64381 , 0.000872007
2.12691 , 0.00133235
2.47088 , 0.00245312
2.58436 , 0.00267884
2.43687 , 0.00220028
2.07844 , 0.00140248
1.61291 , 0.000882942
1.1462 , 0.000853509
0.766836 , 0.00101031
0.519082 , 0.00121709
0.416275 , 0.00129391
0.442319 , 0.00111022
0.562743 , 0.000719584
0.725751 , 0.000421548
0.879054 , 0.000630982
0.971275 , 0.000766215
0.978945 , 0.000871735
0.881418 , 0.000679094
0.750141 , 0.000608118
0.627754 , 0.000698134
0.550708 , 0.00113736
0.552119 , 0.00125804

48
0 , 0
0 , 0
0 , 0
0 , 0
0 , 0
0 , 0
0 , 0
0 , 0
0 , 0
0 , 0
0 , 0
0 , 0
0 , 0
0 , 0
0 , 0
0 , 0
0 , 0
0 , 0
0 , 0
0 , 0
0 , 0
0 , 0
0 , 0
0 , 0
0 , 0
0 , 0
0 , 0
0 , 0
0 , 0
0 , 0
0 , 0
0 , 0
0 , 0
0 , 0
0 , 0
0 , 0
0 , 0
0 , 0
8.38773e-05 , 1.37986e-05
0.00299466 , 8.73833e-05
0.0428253 , 0.000362463
0.267692 , 0.000901613
0.917953 , 0.00162921
2.04874 , 0.00283202
3.32138 , 0.00195445
4.23843 , 0.00264567
4.50161 , 0.00311131
4.13409 , 0.00326525
3.37025 , 0.00260488
2.48786 , 0.00177447
1.68162 , 0.00137409
1.04819 , 0.00115479
0.606968 , 0.00112744
0.328878 , 0.00102256
0.16816 , 0.000671448
0.0834793 , 0.000539166
0.0458682 , 0.000403215
0.0398333 , 0.000463734
0.0568625 , 0.000477107
0.0994687 , 0.000578176
0.173013 , 0.000725921
0.282701 , 0.000738719
0.424763 , 0.000600312
0.589636 , 0.000674475
0.750615 , 0.000945523
0.86533 , 0.00122884
0.913835 , 0.0015002
0.877053 , 0.00140047
0.764106 , 0.000974445
0.60557 , 0.000641614
0.44001 , 0.000571964
0.30056 , 0.000754277
0.208312 , 0.000832051
0.182158 , 0.000877754
0.24185 , 0.00110462
0.411375 , 0.00122591
0.712015 , 0.00141661
1.13868 , 0.00114982
1.64372 , 0.000858507
2.12709 , 0.00131702
2.4713 , 0.00243711
2.58505 , 0.00271056
2.43724 , 0.00218523
2.07866 , 0.0013908
1.61271 , 0.000887114
1.14613 , 0.000838497
0.766757 , 0.000992214
0.518888 , 0.00120703
0.415944 , 0.00130898
0.442102 , 0.00110841
0.562513 , 0.000741067
0.72574 , 0.000412811
0.879116 , 0.000620708
0.971385 , 0.000757996
0.979124 , 0.000871928
0.88164 , 0.000700995
0.750175 , 0.000596303
0.627571 , 0.000707721
0.550375 , 0.00116201
0.551793 , 0.0012739

49
0 , 0
0 , 0
0 , 0
0 , 0
0 , 0
0 , 0
0 , 0
0 , 0
0 , 0
0 , 0
0 , 0
0 , 0
0 , 0
0 , 0
0 , 0
0 , 0
0 , 0
0 , 0
0 , 0
0 , 0
0 , 0
0 , 0
0 , 0
0 , 0
0 , 0
0 , 0
0 , 0
0 , 0
0 , 0
0 , 0
0 , 0
0 , 0
0 , 0
0 , 0
0 , 0
0 , 0
0 , 0
0 , 0
8.28446e-05 , 1.35535e-05
0.00301891 , 8.89514e-05
0.0428917 , 0.000361146
0.26793 , 0.000914462
0.918355 , 0.00164548
2.04892 , 0.00277947
3.32145 , 0.00191534
4.2378 , 0.00266595
4.50163 , 0.00304728
4.13371 , 0.00322002
3.36993 , 0.00257093
2.48758 , 0.00175987
1.68159 , 0.00134605
1.0481 , 0.00113413
0.607213 , 0.00113092
0.329043 , 0.0010149
0.168321 , 0.000677112
0.0835204 , 0.000529645
0.0458968 , 0.000395936
0.039883 , 0.000456891
0.056884 , 0.000467763
0.0995505 , 0.000572138
0.173057 , 0.000712348
0.282905 , 0.000751597
0.42477 , 0.000587976
0.589555 , 0.000665554
0.7504 , 0.000950769
0.865249 , 0.00120623
0.913798 , 0.00146974
0.876887 , 0.00138161
0.764067 , 0.000955125
0.60569 , 0.00063971
0.440093 , 0.000566317
0.300532 , 0.000739243
0.208437 , 0.000824408
0.18222 , 0.00086186
0.241915 , 0.00108374
0.411637 , 0.00122888
0.712351 , 0.00142756
1.13885 , 0.0011391
1.64378 , 0.000842691
2.12698 , 0.00129417
2.47104 , 0.00240057
2.58435 , 0.00274421
2.43671 , 0.00220664
2.07843 , 0.00138179
1.61255 , 0.000884023
1.14656 , 0.000923183
0.766984 , 0.000997998
0.519019 , 0.00118929
0.416201 , 0.00130741
0.442176 , 0.0010881
0.562617 , 0.000733247
0.725895 , 0.000432857
0.87915 , 0.0006089
0.971188 , 0.000767872
0.978886 , 0.00088639
0.88155 , 0.000692455
0.750049 , 0.000597556
0.627609 , 0.000694213
0.550493 , 0.00114415
0.551822 , 0.00124797

50
0 , 0
0 , 0
0 , 0
0 , 0
0 , 0
0 , 0
0 , 0
0 , 0
0 , 0
0 , 0
0 , 0
0 , 0
0 , 0
0 , 0
0 , 0
0 , 0
0 , 0
0 , 0
0 , 0
0 , 0
0 , 0
0 , 0
0 , 0
0 , 0
0 , 0
0 , 0
0 , 0
0 , 0
0 , 0
0 , 0
0 , 0
0 , 0
0 , 0
0 , 0
0 , 0
0 , 0
0 , 0
0 , 0
8.31841e-05 , 1.3284e-05
0.00300416 , 8.83927e-05
0.0428086 , 0.000363477
0.267833 , 0.000901173
0.918346 , 0.00161226
2.04881 , 0.00272541
3.32156 , 0.00187976
4.23774 , 0.00261285
4.50154 , 0.00298706
4.1339 , 0.00316049
3.3703 , 0.0025457
2.48772 , 0.00173026
1.68164 , 0.00131977
1.04791 , 0.00112802
0.60708 , 0.00111605
0.32906 , 0.000994552
0.168268 , 0.000665572
0.0834955 , 0.000519542
0.0458343 , 0.000392935
0.0398679 , 0.000447915
0.0568375 , 0.000460663
0.0994761 , 0.000565492
0.17302 , 0.000698957
0.282807 , 0.000742934
0.42477 , 0.000576097
0.589606 , 0.000654092
0.750477 , 0.000934776
0.865508 , 0.00121011
0.91389 , 0.00144302
0.876915 , 0.00135398
0.763994 , 0.000938733
0.605736 , 0.000628493
0.439947 , 0.000573882
0.300557 , 0.000724708
0.208495 , 0.000809842
0.182243 , 0.00084478
0.241836 , 0.00106475
0.411489 , 0.00121318
0.71227 , 0.00140107
1.13872 , 0.00112415
1.64384 , 0.000828186
2.127 , 0.00126812
2.47112 , 0.00235319
2.58451 , 0.00269315
2.43668 , 0.00216219
2.07859 , 0.00136284
1.61269 , 0.000878799
1.1466 , 0.000905392
0.766886 , 0.000982701
0.518916 , 0.00116976
0.416082 , 0.00128652
0.442076 , 0.00107083
0.562622 , 0.00071845
0.72586 , 0.000425562
0.879139 , 0.000596697
0.97124 , 0.00075409
0.978973 , 0.000872826
0.881582 , 0.000679231
0.750077 , 0.000586177
0.627463 , 0.000695678
0.550388 , 0.00112593
0.551753 , 0.00122468
