0 , 0.00122468
0 , 0.00122468
0 , 0.00122468
0 , 0.00122468
0 , 0.00122468
0 , 0.00122468
0 , 0.00122468
0 , 0.00122468
0 , 0.00122468
0 , 0.00122468
0 , 0.00122468
0 , 0.00122468
0 , 0.00122468
0 , 0.00122468
0 , 0.00122468
0 , 0.00122468
0 , 0.00122468
0 , 0.00122468
0 , 0.00122468
0 , 0.00122468
0 , 0.00122468
0 , 0.00122468
0 , 0.00122468
0 , 0.00122468
0 , 0.00122468
0 , 0.00122468
0 , 0.00122468
0 , 0.00122468
0 , 0.00122468
0 , 0.00122468
0 , 0.00122468
0 , 0.00122468
0 , 0.00122468
0 , 0.00122468
0 , 0.00122468
0 , 0.00122468
0 , 0.00122468
0 , 0.00122468
8.31841e-05 , 0.00122468
0.00300416 , 0.00122468
0.0428086 , 0.00122468
0.267833 , 0.00122468
0.918346 , 0.00122468
2.04881 , 0.00122468
3.32156 , 0.00122468
4.23774 , 0.00122468
4.50154 , 0.00122468
4.1339 , 0.00122468
3.3703 , 0.00122468
2.48772 , 0.00122468
1.68164 , 0.00122468
1.04791 , 0.00122468
0.60708 , 0.00122468
0.32906 , 0.00122468
0.168268 , 0.00122468
0.0834955 , 0.00122468
0.0458343 , 0.00122468
0.0398679 , 0.00122468
0.0568375 , 0.00122468
0.0994761 , 0.00122468
0.17302 , 0.00122468
0.282807 , 0.00122468
0.42477 , 0.00122468
0.589606 , 0.00122468
0.750477 , 0.00122468
0.865508 , 0.00122468
0.91389 , 0.00122468
0.876915 , 0.00122468
0.763994 , 0.00122468
0.605736 , 0.00122468
0.439947 , 0.00122468
0.300557 , 0.00122468
0.208495 , 0.00122468
0.182243 , 0.00122468
0.241836 , 0.00122468
0.411489 , 0.00122468
0.71227 , 0.00122468
1.13872 , 0.00122468
1.64384 , 0.00122468
2.127 , 0.00122468
2.47112 , 0.00122468
2.58451 , 0.00122468
2.43668 , 0.00122468
2.07859 , 0.00122468
1.61269 , 0.00122468
1.1466 , 0.00122468
0.766886 , 0.00122468
0.518916 , 0.00122468
0.416082 , 0.00122468
0.442076 , 0.00122468
0.562622 , 0.00122468
0.72586 , 0.00122468
0.879139 , 0.00122468
0.97124 , 0.00122468
0.978973 , 0.00122468
0.881582 , 0.00122468
0.750077 , 0.00122468
0.627463 , 0.00122468
0.550388 , 0.00122468
0.551753 , 0.00122468
