1 , -7.54637 , -7.54637 , 0
2 , -7.53123 , -7.5388 , 0.00756858
3 , -7.5256 , -7.5344 , 0.00620233
4 , -7.53658 , -7.53495 , 0.00441939
5 , -7.55145 , -7.53825 , 0.00475567
6 , -7.54619 , -7.53957 , 0.00410267
7 , -7.54388 , -7.54019 , 0.00352149
8 , -7.55264 , -7.54174 , 0.00342417
9 , -7.54374 , -7.54197 , 0.00302797
10 , -7.55679 , -7.54345 , 0.00308742
11 , -7.55073 , -7.54411 , 0.0028701
12 , -7.54986 , -7.54459 , 0.00266353
13 , -7.55361 , -7.54528 , 0.00254647
14 , -7.54293 , -7.54512 , 0.00236357
15 , -7.54715 , -7.54525 , 0.00220454
16 , -7.5418 , -7.54504 , 0.00207341
17 , -7.55663 , -7.54572 , 0.00206364
18 , -7.53999 , -7.5454 , 0.00197145
19 , -7.55294 , -7.5458 , 0.00190654
20 , -7.53774 , -7.54539 , 0.00185306
21 , -7.55139 , -7.54568 , 0.00178563
22 , -7.5495 , -7.54585 , 0.00171136
23 , -7.52992 , -7.54516 , 0.00177585
24 , -7.53628 , -7.54479 , 0.00174007
25 , -7.55421 , -7.54517 , 0.00171101
26 , -7.54797 , -7.54527 , 0.00164743
27 , -7.55095 , -7.54549 , 0.00159914
28 , -7.54295 , -7.54539 , 0.00154363
29 , -7.53079 , -7.54489 , 0.00157228
30 , -7.54414 , -7.54487 , 0.00151917
31 , -7.55552 , -7.54521 , 0.00150898
32 , -7.54755 , -7.54528 , 0.00146288
33 , -7.55851 , -7.54568 , 0.00147346
34 , -7.5469 , -7.54572 , 0.00142992
35 , -7.54536 , -7.54571 , 0.0013885
36 , -7.54077 , -7.54557 , 0.00135634
37 , -7.53568 , -7.5453 , 0.00134597
38 , -7.55273 , -7.5455 , 0.00132455
39 , -7.53236 , -7.54516 , 0.00133338
40 , -7.55119 , -7.54531 , 0.00130832
41 , -7.5597 , -7.54566 , 0.00132341
42 , -7.55117 , -7.5458 , 0.00129815
43 , -7.53029 , -7.54543 , 0.00131792
44 , -7.55279 , -7.5456 , 0.00129841
45 , -7.55358 , -7.54578 , 0.00128154
46 , -7.54821 , -7.54583 , 0.00125448
47 , -7.54821 , -7.54588 , 0.00122854
48 , -7.55687 , -7.54611 , 0.00122426
49 , -7.53193 , -7.54582 , 0.00123345
50 , -7.55144 , -7.54593 , 0.00121373
