1 , 7.59633 , 7.59633 , 0
2 , 7.67845 , 7.63739 , 0.0410615
3 , 7.7123 , 7.66236 , 0.0344315
4 , 7.64926 , 7.65908 , 0.0245659
5 , 7.56824 , 7.64092 , 0.0263089
6 , 7.59175 , 7.63272 , 0.0229908
7 , 7.60701 , 7.62905 , 0.019775
8 , 7.56028 , 7.62045 , 0.0191622
9 , 7.60621 , 7.61887 , 0.0169734
10 , 7.53586 , 7.61057 , 0.0173025
11 , 7.5707 , 7.60694 , 0.0160648
12 , 7.57694 , 7.60444 , 0.0148768
13 , 7.5551 , 7.60065 , 0.0142014
14 , 7.61656 , 7.60178 , 0.013197
15 , 7.58897 , 7.60093 , 0.0123154
16 , 7.6174 , 7.60196 , 0.0115659
17 , 7.53793 , 7.59819 , 0.0114986
18 , 7.6303 , 7.59998 , 0.0109868
19 , 7.56184 , 7.59797 , 0.0105845
20 , 7.64177 , 7.60016 , 0.0102774
21 , 7.56873 , 7.59866 , 0.00988967
22 , 7.57689 , 7.59767 , 0.00948124
23 , 7.68306 , 7.60139 , 0.00979079
24 , 7.65133 , 7.60347 , 0.00960218
25 , 7.54845 , 7.60127 , 0.00946935
26 , 7.58729 , 7.60073 , 0.00911372
27 , 7.57148 , 7.59965 , 0.00883631
28 , 7.61489 , 7.60019 , 0.00853227
29 , 7.67616 , 7.60281 , 0.00863955
30 , 7.60724 , 7.60296 , 0.0083479
31 , 7.54379 , 7.60105 , 0.00829666
32 , 7.58857 , 7.60066 , 0.00804266
33 , 7.52983 , 7.59851 , 0.00808526
34 , 7.59032 , 7.59827 , 0.00784755
35 , 7.59699 , 7.59823 , 0.00762013
36 , 7.62594 , 7.599 , 0.00744532
37 , 7.64901 , 7.60036 , 0.00736633
38 , 7.55845 , 7.59925 , 0.00725416
39 , 7.66573 , 7.60096 , 0.0072684
40 , 7.56524 , 7.60006 , 0.00714041
41 , 7.5176 , 7.59805 , 0.00724868
42 , 7.57073 , 7.5974 , 0.00710385
43 , 7.68276 , 7.59939 , 0.0072151
44 , 7.55672 , 7.59842 , 0.00711559
45 , 7.55414 , 7.59743 , 0.00702491
46 , 7.58191 , 7.5971 , 0.00687879
47 , 7.58399 , 7.59682 , 0.00673662
48 , 7.53941 , 7.59562 , 0.00670235
49 , 7.6734 , 7.59721 , 0.00675333
50 , 7.56508 , 7.59657 , 0.00664802
