1 , -0.411841 , -0.411841 , 0
2 , -0.412487 , -0.412164 , 0.000323187
3 , -0.414629 , -0.412986 , 0.000842678
4 , -0.415323 , -0.41357 , 0.000834513
5 , -0.419735 , -0.414803 , 0.00139223
6 , -0.41447 , -0.414748 , 0.0011381
7 , -0.416967 , -0.415065 , 0.00101277
8 , -0.409995 , -0.414431 , 0.00108205
9 , -0.409116 , -0.41384 , 0.00112225
10 , -0.410319 , -0.413488 , 0.00106374
11 , -0.416095 , -0.413725 , 0.000990943
12 , -0.414169 , -0.413762 , 0.000905358
13 , -0.410125 , -0.413482 , 0.00087855
14 , -0.409912 , -0.413227 , 0.000852428
15 , -0.412534 , -0.413181 , 0.000794912
16 , -0.420272 , -0.413624 , 0.000865614
17 , -0.411506 , -0.4135 , 0.000822597
18 , -0.41596 , -0.413636 , 0.000787504
19 , -0.414796 , -0.413697 , 0.0007474
20 , -0.4144 , -0.413733 , 0.000709916
21 , -0.416649 , -0.413871 , 0.000689401
22 , -0.416149 , -0.413975 , 0.000665424
23 , -0.415033 , -0.414021 , 0.000637498
24 , -0.41463 , -0.414046 , 0.000610885
25 , -0.41708 , -0.414168 , 0.000598369
26 , -0.413379 , -0.414137 , 0.000575693
27 , -0.414168 , -0.414139 , 0.000553962
28 , -0.415193 , -0.414176 , 0.000535139
29 , -0.416737 , -0.414265 , 0.000523855
30 , -0.41491 , -0.414286 , 0.000506549
31 , -0.416433 , -0.414355 , 0.000494808
32 , -0.417109 , -0.414441 , 0.000486764
33 , -0.41851 , -0.414565 , 0.000487627
34 , -0.410183 , -0.414436 , 0.000490304
35 , -0.413439 , -0.414407 , 0.000476941
36 , -0.419054 , -0.414536 , 0.000481144
37 , -0.411024 , -0.414441 , 0.000477493
38 , -0.41539 , -0.414466 , 0.000465428
39 , -0.411431 , -0.414389 , 0.000459968
40 , -0.412199 , -0.414334 , 0.00045165
41 , -0.41516 , -0.414354 , 0.000440957
42 , -0.415259 , -0.414376 , 0.000430869
43 , -0.408876 , -0.414248 , 0.000439739
44 , -0.412341 , -0.414204 , 0.000431809
45 , -0.416676 , -0.414259 , 0.000425661
46 , -0.413448 , -0.414242 , 0.000416678
47 , -0.415346 , -0.414265 , 0.000408393
48 , -0.413921 , -0.414258 , 0.000399858
49 , -0.418909 , -0.414353 , 0.000402954
50 , -0.414645 , -0.414359 , 0.000394856
