
1
0 , 0
0 , 0
0 , 0
0 , 0
0 , 0
0 , 0
0 , 0
0 , 0
0 , 0
0 , 0
0 , 0
0 , 0
0 , 0
0 , 0
0.122254 , 0
0.843642 , 0
1.5918 , 0
1.80042 , 0
1.71946 , 0
1.5243 , 0
1.30259 , 0
1.18373 , 0
1.12208 , 0
1.06082 , 0
0.997825 , 0
0.996871 , 0
0.977399 , 0
0.94525 , 0
0.954043 , 0
0.932056 , 0
0.938519 , 0
0.947229 , 0
0.928561 , 0
0.921203 , 0
0.936761 , 0
0.942619 , 0
0.932215 , 0
0.916606 , 0
0.930731 , 0
0.921182 , 0
0.926357 , 0
0.930896 , 0
0.913067 , 0
0.907673 , 0
0.924156 , 0
0.91998 , 0
0.91645 , 0
0.919891 , 0
0.914939 , 0
0.924819 , 0
0.926914 , 0
0.919951 , 0
0.940451 , 0
0.926269 , 0
0.914545 , 0
0.920204 , 0
0.929171 , 0
0.9309 , 0
0.928698 , 0
0.930547 , 0
0.920611 , 0
0.931923 , 0
0.933451 , 0
0.926616 , 0
0.927146 , 0
0.930306 , 0
0.929118 , 0
0.924302 , 0
0.931409 , 0
0.93115 , 0
0.932108 , 0
0.943652 , 0
0.937056 , 0
0.940739 , 0
0.931797 , 0
0.933331 , 0
0.937329 , 0
0.941255 , 0
0.934169 , 0
0.93607 , 0
0.935503 , 0
0.94235 , 0
0.934427 , 0
0.945077 , 0
0.941297 , 0
0.938703 , 0
0.936606 , 0
0.944833 , 0
0.947426 , 0
0.936974 , 0
0.940535 , 0
0.947389 , 0
0.946318 , 0
0.940906 , 0
0.937683 , 0
0.942363 , 0
0.952139 , 0
0.94576 , 0
0.947108 , 0
0.950497 , 0

2
0 , 0
0 , 0
0 , 0
0 , 0
0 , 0
0 , 0
0 , 0
0 , 0
0 , 0
0 , 0
0 , 0
0 , 0
0 , 0
0.000340651 , 0.000340651
0.120851 , 0.00140291
0.839723 , 0.00391977
1.61149 , 0.0196902
1.80975 , 0.00932785
1.71284 , 0.0066223
1.49603 , 0.0282737
1.29612 , 0.00646766
1.19929 , 0.0155637
1.1379 , 0.0158194
1.05906 , 0.00176245
1.00661 , 0.00878148
1.00329 , 0.00642258
0.970949 , 0.00645015
0.946975 , 0.00172457
0.943894 , 0.0101494
0.931259 , 0.000797523
0.927436 , 0.011083
0.935388 , 0.0118416
0.932092 , 0.00353065
0.927266 , 0.00606283
0.931374 , 0.00538698
0.937244 , 0.00537519
0.932823 , 0.000607534
0.919405 , 0.00279837
0.934008 , 0.00327745
0.929659 , 0.00847694
0.9261 , 0.000256835
0.928055 , 0.002841
0.916829 , 0.00376207
0.913921 , 0.006248
0.923008 , 0.00114847
0.923161 , 0.00318094
0.92297 , 0.00651989
0.917864 , 0.00202698
0.914522 , 0.000417321
0.923513 , 0.00130671
0.92032 , 0.00659394
0.921848 , 0.0018973
0.934093 , 0.00635775
0.921485 , 0.00478408
0.920478 , 0.00593272
0.925404 , 0.00519992
0.933676 , 0.00450535
0.931162 , 0.000262082
0.925492 , 0.0032059
0.931838 , 0.0012915
0.925341 , 0.00472957
0.930109 , 0.00181376
0.933379 , 7.21551e-05
0.926355 , 0.000260793
0.927455 , 0.000308547
0.929216 , 0.00109008
0.929735 , 0.000616481
0.92389 , 0.000412428
0.931299 , 0.000109811
0.936413 , 0.00526333
0.934486 , 0.00237785
0.940318 , 0.003334
0.935443 , 0.00161271
0.936637 , 0.00410283
0.932249 , 0.000452319
0.931237 , 0.00209457
0.937971 , 0.000642134
0.941294 , 3.88602e-05
0.935862 , 0.0016929
0.939184 , 0.00311423
0.938923 , 0.0034201
0.94291 , 0.000559707
0.93847 , 0.00404361
0.938056 , 0.00702189
0.940611 , 0.000685683
0.940168 , 0.00146495
0.939951 , 0.0033449
0.941164 , 0.00366917
0.94538 , 0.00204583
0.941029 , 0.00405487
0.942985 , 0.00244949
0.944136 , 0.00325269
0.944988 , 0.0013293
0.944192 , 0.00328545
0.941273 , 0.00358988
0.942084 , 0.000278459
0.949588 , 0.00255114
0.945446 , 0.000314237
0.946422 , 0.000686279
0.949297 , 0.00119996

3
0 , 0
0 , 0
0 , 0
0 , 0
0 , 0
0 , 0
0 , 0
0 , 0
0 , 0
0 , 0
0 , 0
0 , 0
0 , 0
0.000454202 , 0.000227101
0.117844 , 0.00311344
0.849166 , 0.00971049
1.60849 , 0.011758
1.82716 , 0.0182258
1.71942 , 0.00760932
1.48475 , 0.0198387
1.29651 , 0.00375497
1.20527 , 0.0107928
1.13557 , 0.00942671
1.06908 , 0.0100667
1.01166 , 0.00715684
0.998482 , 0.00607411
0.968395 , 0.00451518
0.950058 , 0.00324009
0.944617 , 0.00590426
0.931818 , 0.000724361
0.926515 , 0.0064648
0.936547 , 0.00693429
0.937426 , 0.0057104
0.924899 , 0.00422577
0.931367 , 0.00311018
0.93584 , 0.00340604
0.935247 , 0.00244925
0.926401 , 0.00718006
0.93072 , 0.00379409
0.926538 , 0.00580483
0.925239 , 0.000873825
0.926858 , 0.00203056
0.916632 , 0.002181
0.91748 , 0.00506743
0.923517 , 0.000835929
0.923012 , 0.00184256
0.924486 , 0.00405803
0.919631 , 0.00211949
0.91735 , 0.00283875
0.919503 , 0.00407966
0.922446 , 0.00436011
0.92482 , 0.00316696
0.930908 , 0.00485982
0.923865 , 0.00364618
0.922119 , 0.0037982
0.926191 , 0.00310358
0.9331 , 0.00266435
0.92811 , 0.00305623
0.921993 , 0.00395854
0.931639 , 0.000771908
0.927178 , 0.00329122
0.927876 , 0.00246668
0.931772 , 0.00160763
0.931662 , 0.00530916
0.927854 , 0.00043701
0.928301 , 0.00111005
0.928668 , 0.00112408
0.927176 , 0.00329486
0.933887 , 0.00258866
0.935919 , 0.00307878
0.934341 , 0.00138053
0.939887 , 0.00197256
0.935702 , 0.000966439
0.93809 , 0.00277931
0.934343 , 0.00210995
0.93364 , 0.0026906
0.936355 , 0.00165838
0.938707 , 0.00258646
0.937583 , 0.00197916
0.94032 , 0.00212717
0.93994 , 0.00222114
0.941518 , 0.00142911
0.940019 , 0.00280182
0.938905 , 0.00414222
0.939172 , 0.00149289
0.938677 , 0.00171427
0.942216 , 0.00297635
0.940806 , 0.00214839
0.944949 , 0.00125732
0.942504 , 0.00276725
0.943982 , 0.00173046
0.944515 , 0.00191576
0.943221 , 0.00192676
0.9441 , 0.00189907
0.942765 , 0.00255357
0.944351 , 0.0022726
0.950043 , 0.00154149
0.945762 , 0.000364443
0.945851 , 0.000695005
0.947488 , 0.00193731

4
0 , 0
0 , 0
0 , 0
0 , 0
0 , 0
0 , 0
0 , 0
0 , 0
0 , 0
0 , 0
0 , 0
0 , 0
0 , 0
0.000624527 , 0.00023409
0.117093 , 0.00232628
0.844489 , 0.0083079
1.60535 , 0.00888578
1.83967 , 0.01796
1.71209 , 0.00908934
1.48626 , 0.0141086
1.30962 , 0.0133723
1.2129 , 0.0107942
1.14034 , 0.00819399
1.06699 , 0.00741709
1.00917 , 0.00563865
0.996907 , 0.00457491
0.967337 , 0.00336352
0.949577 , 0.00234099
0.942588 , 0.00464183
0.93218 , 0.000627265
0.928818 , 0.00511892
0.932628 , 0.00627689
0.935072 , 0.00467382
0.930709 , 0.00653354
0.932962 , 0.00271629
0.935342 , 0.00245939
0.933126 , 0.00273766
0.926182 , 0.00508177
0.932611 , 0.00328232
0.926625 , 0.00410556
0.920979 , 0.00430501
0.925279 , 0.0021343
0.915244 , 0.00207432
0.920004 , 0.00438306
0.921777 , 0.00183722
0.923397 , 0.00135859
0.925343 , 0.00299457
0.92071 , 0.0018464
0.915822 , 0.00252294
0.922417 , 0.00410004
0.921484 , 0.00322967
0.924828 , 0.00223939
0.92927 , 0.00380702
0.924054 , 0.00258516
0.923235 , 0.00290822
0.926976 , 0.0023309
0.929147 , 0.00437853
0.92542 , 0.00345072
0.922048 , 0.00279964
0.931142 , 0.000737951
0.926588 , 0.00240094
0.92861 , 0.00189247
0.930598 , 0.00163429
0.931517 , 0.00375695
0.928192 , 0.000458241
0.928191 , 0.000792564
0.929511 , 0.00115814
0.926122 , 0.00255739
0.934025 , 0.00183567
0.93636 , 0.0022213
0.934663 , 0.00102788
0.936585 , 0.00358451
0.936466 , 0.00102485
0.938293 , 0.00197569
0.933879 , 0.00156244
0.935099 , 0.00239725
0.934183 , 0.0024685
0.936676 , 0.00273349
0.938044 , 0.00147327
0.938598 , 0.00228653
0.939957 , 0.00157068
0.940033 , 0.00179599
0.939153 , 0.00216256
0.938755 , 0.00293283
0.940053 , 0.00137523
0.938375 , 0.00124917
0.941609 , 0.00219018
0.941009 , 0.0015326
0.946761 , 0.00201839
0.942189 , 0.00198195
0.944342 , 0.00127544
0.944598 , 0.0013572
0.943217 , 0.00136243
0.943924 , 0.00135434
0.943024 , 0.00182418
0.945104 , 0.00177468
0.948054 , 0.00226814
0.94441 , 0.00137684
0.946285 , 0.000656013
0.94585 , 0.0021356

5
0 , 0
0 , 0
0 , 0
0 , 0
0 , 0
0 , 0
0 , 0
0 , 0
0 , 0
0 , 0
0 , 0
0 , 0
0 , 0
0.000635882 , 0.000181681
0.113475 , 0.00404145
0.842894 , 0.0066299
1.61106 , 0.00894164
1.84393 , 0.01455
1.7179 , 0.00912877
1.49833 , 0.0162831
1.31403 , 0.0112595
1.21818 , 0.00988439
1.14383 , 0.00724603
1.05943 , 0.00949672
1.01163 , 0.0050107
0.998834 , 0.00403365
0.966474 , 0.0027447
0.949163 , 0.00185996
0.939142 , 0.00498072
0.932508 , 0.000585812
0.932474 , 0.00539309
0.933797 , 0.00500075
0.934825 , 0.00362878
0.935208 , 0.00677183
0.934303 , 0.00249538
0.935392 , 0.0019057
0.934564 , 0.00256208
0.927835 , 0.00426923
0.933619 , 0.00273507
0.92643 , 0.00318612
0.921021 , 0.00333491
0.924349 , 0.00189694
0.918381 , 0.00352405
0.919331 , 0.00346128
0.921788 , 0.00142315
0.922486 , 0.00139173
0.923768 , 0.00280337
0.919668 , 0.00176915
0.916715 , 0.00214883
0.922461 , 0.00317619
0.920867 , 0.00257661
0.925843 , 0.00200996
0.928812 , 0.00298419
0.921786 , 0.00302551
0.924167 , 0.00243813
0.925817 , 0.00214585
0.928782 , 0.0034112
0.924746 , 0.00275651
0.922516 , 0.00221856
0.930059 , 0.00122458
0.927835 , 0.00223914
0.928258 , 0.00150771
0.931024 , 0.00133579
0.931737 , 0.00291848
0.928978 , 0.00086203
0.929752 , 0.00167725
0.9315 , 0.0021825
0.928558 , 0.0031399
0.933111 , 0.00169042
0.936663 , 0.00174712
0.934187 , 0.000927413
0.936801 , 0.00278488
0.937823 , 0.00157218
0.937245 , 0.00185506
0.9335 , 0.00126825
0.936723 , 0.00246678
0.934757 , 0.0019965
0.935512 , 0.00241604
0.938822 , 0.00138129
0.939775 , 0.0021266
0.939588 , 0.00127157
0.939869 , 0.00140085
0.939299 , 0.0016815
0.938694 , 0.00227259
0.940042 , 0.00106531
0.940206 , 0.00207064
0.941112 , 0.00176796
0.940899 , 0.00119224
0.946503 , 0.00158451
0.94305 , 0.00175993
0.944371 , 0.000988397
0.94364 , 0.00142211
0.943733 , 0.00117479
0.943812 , 0.00105498
0.943535 , 0.00150249
0.94543 , 0.00141268
0.946804 , 0.00215602
0.94316 , 0.00164256
0.945866 , 0.000658654
0.946722 , 0.00187012

6
0 , 0
0 , 0
0 , 0
0 , 0
0 , 0
0 , 0
0 , 0
0 , 0
0 , 0
0 , 0
0 , 0
0 , 0
0 , 0
0.000567752 , 0.000163239
0.1124 , 0.00347069
0.844355 , 0.00560698
1.61029 , 0.00734082
1.84447 , 0.0118925
1.72033 , 0.00783781
1.4988 , 0.0133035
1.31797 , 0.00999844
1.21225 , 0.0100105
1.13903 , 0.00762266
1.05898 , 0.00776728
1.01348 , 0.00449307
0.997917 , 0.0034186
0.966872 , 0.00227622
0.946881 , 0.00274172
0.939601 , 0.00409263
0.932854 , 0.000590638
0.932741 , 0.00441152
0.932202 , 0.0043836
0.937227 , 0.00381465
0.934448 , 0.00558126
0.935819 , 0.00253943
0.936894 , 0.00216264
0.932289 , 0.00309096
0.929473 , 0.00385158
0.931485 , 0.00308882
0.926791 , 0.00262642
0.921634 , 0.00279095
0.922753 , 0.00222396
0.920701 , 0.00369657
0.920969 , 0.0032665
0.920597 , 0.00166422
0.920674 , 0.00213935
0.922456 , 0.00263853
0.918629 , 0.00177963
0.916494 , 0.0017684
0.923334 , 0.0027364
0.922373 , 0.00258742
0.924947 , 0.00186989
0.926783 , 0.0031709
0.921134 , 0.00255507
0.925849 , 0.00260603
0.926826 , 0.00202221
0.929238 , 0.00282225
0.924078 , 0.00234759
0.922202 , 0.00183849
0.929717 , 0.00105674
0.92623 , 0.00243245
0.92798 , 0.00126203
0.930875 , 0.00110075
0.931303 , 0.00242209
0.930145 , 0.00136329
0.929958 , 0.00138488
0.931543 , 0.00178252
0.929834 , 0.00286358
0.932741 , 0.00142888
0.936862 , 0.00144027
0.933412 , 0.00108399
0.936984 , 0.00228127
0.937146 , 0.00145121
0.937762 , 0.00160047
0.934256 , 0.00128215
0.936562 , 0.00202053
0.9348 , 0.00163071
0.935577 , 0.00197375
0.938604 , 0.00114872
0.939888 , 0.00173999
0.939343 , 0.00106677
0.939785 , 0.00114683
0.940427 , 0.00177704
0.939674 , 0.00209871
0.940253 , 0.000894887
0.940934 , 0.00184097
0.941487 , 0.0014916
0.94074 , 0.000986283
0.945012 , 0.00197417
0.942594 , 0.00150737
0.943949 , 0.000910927
0.944519 , 0.0014561
0.943323 , 0.00104344
0.944077 , 0.000901147
0.943643 , 0.00123153
0.945269 , 0.00116462
0.947427 , 0.00186734
0.943935 , 0.00154856
0.946946 , 0.0012062
0.947011 , 0.00155394

7
0 , 0
0 , 0
0 , 0
0 , 0
0 , 0
0 , 0
0 , 0
0 , 0
0 , 0
0 , 0
0 , 0
0 , 0
0 , 0
0.00055153 , 0.000138912
0.111947 , 0.00296809
0.843846 , 0.00476603
1.6146 , 0.00755129
1.84281 , 0.0101873
1.71147 , 0.011063
1.50393 , 0.0123572
1.3235 , 0.0101008
1.21318 , 0.0085105
1.1435 , 0.00784493
1.06315 , 0.00777827
1.01316 , 0.00381144
0.997974 , 0.0028898
0.967455 , 0.00200996
0.946415 , 0.00236354
0.940784 , 0.00365565
0.932009 , 0.000981144
0.933101 , 0.0037458
0.933307 , 0.00386599
0.938603 , 0.00350517
0.934931 , 0.00474175
0.936264 , 0.00219181
0.936975 , 0.00182953
0.934919 , 0.00370692
0.929794 , 0.00327093
0.933782 , 0.00347753
0.928258 , 0.00266057
0.923435 , 0.00296801
0.924098 , 0.00231103
0.921363 , 0.00319343
0.921182 , 0.00276894
0.920287 , 0.0014403
0.921753 , 0.00210573
0.923007 , 0.00229698
0.920003 , 0.0020369
0.918002 , 0.00212335
0.923614 , 0.00232954
0.922377 , 0.00218677
0.9245 , 0.00164227
0.927659 , 0.00281954
0.92085 , 0.00217802
0.926623 , 0.00233449
0.926307 , 0.0017862
0.929046 , 0.00239293
0.924742 , 0.00209224
0.923828 , 0.00224957
0.929755 , 0.000893922
0.926274 , 0.00205626
0.927953 , 0.00106694
0.931285 , 0.00101632
0.930398 , 0.00223856
0.929599 , 0.00127525
0.930439 , 0.00126537
0.932239 , 0.00165926
0.929675 , 0.00242538
0.932718 , 0.00120783
0.936907 , 0.00121811
0.933089 , 0.000971292
0.936511 , 0.00198529
0.9363 , 0.00148992
0.936256 , 0.00202426
0.935154 , 0.00140761
0.936538 , 0.00170783
0.934694 , 0.00138234
0.936371 , 0.00184739
0.937658 , 0.00135491
0.94084 , 0.00175202
0.93904 , 0.000950897
0.939334 , 0.00106906
0.940893 , 0.00157259
0.940126 , 0.00183039
0.939483 , 0.00107925
0.940966 , 0.00155622
0.940789 , 0.00144114
0.940405 , 0.000898422
0.944582 , 0.00172304
0.942494 , 0.00127794
0.944012 , 0.000772425
0.943574 , 0.00155148
0.943574 , 0.000917017
0.943909 , 0.000779793
0.94423 , 0.00119499
0.945475 , 0.00100573
0.94683 , 0.00168718
0.944323 , 0.00136519
0.946836 , 0.00102538
0.94707 , 0.00131465

8
0 , 0
0 , 0
0 , 0
0 , 0
0 , 0
0 , 0
0 , 0
0 , 0
0 , 0
0 , 0
0 , 0
0 , 0
0 , 0
0.000652915 , 0.000157325
0.113736 , 0.00313197
0.84097 , 0.00503078
1.61526 , 0.0065726
1.83703 , 0.0105493
1.70678 , 0.0106635
1.5005 , 0.0112379
1.32606 , 0.00911445
1.21447 , 0.00748356
1.13893 , 0.00819073
1.06028 , 0.00732267
1.01029 , 0.00437299
0.997268 , 0.00260037
0.967438 , 0.00174075
0.944545 , 0.00277258
0.938203 , 0.00408487
0.93205 , 0.000850649
0.934017 , 0.00337086
0.933485 , 0.00335277
0.936545 , 0.00366722
0.935456 , 0.00413991
0.936495 , 0.00191219
0.937016 , 0.00158494
0.935575 , 0.00327667
0.929116 , 0.00291266
0.933546 , 0.00302086
0.927813 , 0.00234666
0.924186 , 0.00267771
0.923905 , 0.00201061
0.92137 , 0.0027656
0.919612 , 0.00286621
0.919395 , 0.00153347
0.921277 , 0.00188461
0.922718 , 0.0020101
0.921061 , 0.00205698
0.917649 , 0.00187254
0.922131 , 0.00250371
0.922642 , 0.00191228
0.923236 , 0.00190318
0.927949 , 0.00245892
0.921591 , 0.00202679
0.927188 , 0.00209931
0.926279 , 0.00154716
0.928912 , 0.00207666
0.924562 , 0.00182088
0.924698 , 0.00213347
0.929632 , 0.000783856
0.926684 , 0.00182735
0.928737 , 0.00121169
0.93156 , 0.00092234
0.930367 , 0.00193889
0.929382 , 0.00112554
0.92949 , 0.00145
0.933191 , 0.00172367
0.930116 , 0.00214634
0.933104 , 0.00111473
0.935829 , 0.00150877
0.933915 , 0.00117908
0.937392 , 0.00193203
0.936994 , 0.00146526
0.935672 , 0.00184769
0.935518 , 0.00127213
0.93619 , 0.00151928
0.934079 , 0.00134584
0.936391 , 0.00160001
0.937793 , 0.00118106
0.940295 , 0.0016122
0.938841 , 0.000847349
0.939834 , 0.00105189
0.941308 , 0.00142364
0.940065 , 0.00158636
0.939644 , 0.000948448
0.940868 , 0.00135132
0.941196 , 0.00131288
0.940558 , 0.000792993
0.943934 , 0.00162694
0.94332 , 0.0013813
0.944094 , 0.00067406
0.943821 , 0.00136607
0.944276 , 0.00105993
0.943914 , 0.000675336
0.943668 , 0.00117761
0.944901 , 0.00104325
0.946385 , 0.0015275
0.944564 , 0.0012066
0.946504 , 0.000948055
0.947062 , 0.00113854

9
0 , 0
0 , 0
0 , 0
0 , 0
0 , 0
0 , 0
0 , 0
0 , 0
0 , 0
0 , 0
0 , 0
0 , 0
0 , 0
0.000782236 , 0.000189671
0.114727 , 0.00293451
0.839465 , 0.0046849
1.61508 , 0.00579926
1.83102 , 0.0110778
1.70466 , 0.00964167
1.49841 , 0.0101289
1.32707 , 0.00810128
1.21406 , 0.00661245
1.13682 , 0.00752363
1.05885 , 0.00661472
1.00779 , 0.0045953
0.994978 , 0.00324032
0.9642 , 0.00358363
0.944867 , 0.00246633
0.937264 , 0.0037228
0.931983 , 0.00075314
0.933496 , 0.00301825
0.934412 , 0.00309888
0.935775 , 0.00332457
0.934041 , 0.00391576
0.935519 , 0.00194863
0.935254 , 0.00224917
0.935218 , 0.00291171
0.929308 , 0.00257588
0.932831 , 0.00275864
0.928369 , 0.0021428
0.925357 , 0.00263603
0.923522 , 0.00181416
0.921825 , 0.0024812
0.919117 , 0.00257571
0.919083 , 0.001388
0.920179 , 0.00199216
0.921165 , 0.00235632
0.921485 , 0.00186308
0.91735 , 0.00167823
0.922617 , 0.00226095
0.921946 , 0.00182437
0.923269 , 0.00167878
0.926954 , 0.00238618
0.922759 , 0.00213495
0.927049 , 0.00185667
0.926508 , 0.00138359
0.928556 , 0.00186567
0.925201 , 0.00172839
0.925148 , 0.00193447
0.929061 , 0.00089713
0.927774 , 0.0019458
0.928852 , 0.00107476
0.931813 , 0.000851675
0.929886 , 0.00177615
0.929373 , 0.000992665
0.929257 , 0.00129979
0.932794 , 0.0015711
0.929738 , 0.00193037
0.933125 , 0.000983333
0.934752 , 0.00171136
0.933637 , 0.00107638
0.937088 , 0.00173091
0.937328 , 0.00133459
0.936078 , 0.00167923
0.935629 , 0.00112738
0.936317 , 0.00134584
0.934611 , 0.00130086
0.937069 , 0.00156578
0.937715 , 0.00104451
0.939608 , 0.00157901
0.939545 , 0.00102706
0.939413 , 0.00101855
0.941203 , 0.00125989
0.939995 , 0.00140075
0.939721 , 0.000839961
0.941112 , 0.00121652
0.941173 , 0.00115808
0.940419 , 0.000713037
0.944312 , 0.00148388
0.942919 , 0.00128247
0.944033 , 0.000597582
0.943974 , 0.00121452
0.945479 , 0.00152321
0.944259 , 0.00068814
0.944039 , 0.00110287
0.945293 , 0.000999936
0.946234 , 0.00135553
0.944821 , 0.00109464
0.946355 , 0.00084917
0.946755 , 0.00105017

10
0 , 0
0 , 0
0 , 0
0 , 0
0 , 0
0 , 0
0 , 0
0 , 0
0 , 0
0 , 0
0 , 0
0 , 0
0 , 0
0.000772143 , 0.000169947
0.116121 , 0.00297192
0.838636 , 0.00427162
1.61457 , 0.00521205
1.82576 , 0.0112158
1.70752 , 0.00908461
1.4979 , 0.00907359
1.32398 , 0.00787505
1.21194 , 0.00628438
1.13532 , 0.00689474
1.05845 , 0.00592977
1.00927 , 0.00436938
0.994165 , 0.00301033
0.96427 , 0.00320606
0.945977 , 0.00246979
0.9372 , 0.0033304
0.931083 , 0.00112433
0.932913 , 0.00276178
0.934605 , 0.00277839
0.936228 , 0.0030078
0.934719 , 0.00356738
0.936765 , 0.00214291
0.936033 , 0.00215736
0.932664 , 0.00364743
0.929209 , 0.00230603
0.932507 , 0.00248847
0.928455 , 0.00191852
0.923408 , 0.00305874
0.922855 , 0.00175446
0.922507 , 0.0023215
0.920063 , 0.0024905
0.919413 , 0.00128474
0.920701 , 0.00185671
0.920875 , 0.00212749
0.920263 , 0.00206636
0.916187 , 0.00189918
0.922712 , 0.00202447
0.922784 , 0.00183409
0.922949 , 0.00153534
0.92626 , 0.00224412
0.923278 , 0.00197892
0.927513 , 0.00172439
0.92775 , 0.00175298
0.928339 , 0.00168283
0.924653 , 0.0016401
0.924785 , 0.00176774
0.930088 , 0.00130364
0.929173 , 0.00223301
0.929234 , 0.00103425
0.931336 , 0.000898448
0.929101 , 0.00177203
0.92966 , 0.000933105
0.929158 , 0.00116675
0.932848 , 0.0014063
0.930209 , 0.00178971
0.932458 , 0.00110378
0.934049 , 0.00168439
0.9339 , 0.000997886
0.936586 , 0.00162732
0.936759 , 0.00132238
0.936323 , 0.0015218
0.935717 , 0.00101217
0.935692 , 0.00135624
0.934891 , 0.00119669
0.937235 , 0.00141022
0.937678 , 0.000934972
0.939277 , 0.00145074
0.939835 , 0.000963134
0.939362 , 0.000912432
0.940958 , 0.00115337
0.940271 , 0.00128291
0.93993 , 0.00077993
0.941146 , 0.00108861
0.941766 , 0.00119341
0.940746 , 0.000716662
0.944489 , 0.00133902
0.94237 , 0.00127165
0.94357 , 0.0007074
0.944008 , 0.00108682
0.946167 , 0.00152613
0.944543 , 0.000677907
0.944021 , 0.000986606
0.945772 , 0.00101467
0.946584 , 0.0012617
0.945206 , 0.00105227
0.946791 , 0.000875899
0.946795 , 0.000940176

11
0 , 0
0 , 0
0 , 0
0 , 0
0 , 0
0 , 0
0 , 0
0 , 0
0 , 0
0 , 0
0 , 0
0 , 0
0 , 0
0.000763884 , 0.000153944
0.115622 , 0.00273417
0.838427 , 0.00386947
1.6208 , 0.00781703
1.82453 , 0.0102198
1.70923 , 0.00839371
1.49597 , 0.00843263
1.3276 , 0.00798629
1.21233 , 0.00569785
1.13429 , 0.00632098
1.0574 , 0.0054656
1.01042 , 0.00411601
0.993367 , 0.00283721
0.964877 , 0.00296287
0.946413 , 0.00227607
0.938544 , 0.0032989
0.929901 , 0.00155894
0.932596 , 0.00251816
0.935973 , 0.00286171
0.936439 , 0.00272889
0.935518 , 0.00332422
0.936515 , 0.00195437
0.937951 , 0.00273638
0.931837 , 0.00340141
0.928751 , 0.00213576
0.932298 , 0.00226067
0.928433 , 0.0017355
0.923962 , 0.00282161
0.922007 , 0.00179907
0.922851 , 0.00212795
0.921235 , 0.00253935
0.918947 , 0.00125206
0.919998 , 0.00182076
0.921397 , 0.00199383
0.920815 , 0.00194873
0.917982 , 0.00248469
0.921995 , 0.00196679
0.922866 , 0.00166103
0.922868 , 0.00139108
0.925716 , 0.00210153
0.924196 , 0.0020116
0.926611 , 0.00180193
0.9269 , 0.00179887
0.92774 , 0.00163561
0.925027 , 0.00152972
0.924381 , 0.00164942
0.929003 , 0.00160251
0.929339 , 0.00202659
0.929201 , 0.000936076
0.930842 , 0.00095141
0.929969 , 0.00182283
0.93009 , 0.000947275
0.929326 , 0.00106858
0.932997 , 0.00128067
0.930285 , 0.00162066
0.93215 , 0.00104486
0.934027 , 0.00152376
0.934001 , 0.000908308
0.936241 , 0.00151185
0.936883 , 0.0012026
0.936278 , 0.00137723
0.936062 , 0.000978625
0.936169 , 0.00131618
0.935225 , 0.00113292
0.937648 , 0.00134089
0.938498 , 0.00117768
0.939366 , 0.00131529
0.940232 , 0.000957446
0.939359 , 0.000825332
0.940497 , 0.00114058
0.940306 , 0.00116095
0.939824 , 0.000713368
0.941163 , 0.000984844
0.941926 , 0.00109127
0.941391 , 0.000914253
0.944267 , 0.00123136
0.942796 , 0.00122647
0.943096 , 0.000796106
0.943858 , 0.00099446
0.945597 , 0.00149337
0.944768 , 0.000653115
0.943955 , 0.000894795
0.946101 , 0.000974963
0.946572 , 0.00114131
0.944898 , 0.0010004
0.946861 , 0.000795371
0.946843 , 0.000851779

12
0 , 0
0 , 0
0 , 0
0 , 0
0 , 0
0 , 0
0 , 0
0 , 0
0 , 0
0 , 0
0 , 0
0 , 0
0 , 0
0.000794853 , 0.000143903
0.114471 , 0.0027485
0.840435 , 0.00406341
1.62168 , 0.00718976
1.82246 , 0.00955603
1.70635 , 0.00818584
1.49579 , 0.00769994
1.33111 , 0.0080924
1.21428 , 0.00555417
1.1339 , 0.0057833
1.05921 , 0.0053076
1.0111 , 0.00381831
0.993551 , 0.00259651
0.963082 , 0.0032463
0.94675 , 0.00210489
0.937421 , 0.00321424
0.929646 , 0.00144593
0.932698 , 0.00230101
0.93647 , 0.00265908
0.937414 , 0.00267515
0.934592 , 0.00317267
0.935822 , 0.00191396
0.938376 , 0.00253378
0.93127 , 0.00315636
0.927841 , 0.00215159
0.932303 , 0.00206371
0.928811 , 0.00162878
0.924124 , 0.00258085
0.921671 , 0.00167635
0.923871 , 0.00219394
0.920336 , 0.00248651
0.919007 , 0.00114453
0.919315 , 0.0017969
0.921363 , 0.00182042
0.920996 , 0.00178813
0.91789 , 0.00227004
0.922256 , 0.00181431
0.922965 , 0.00151958
0.922392 , 0.0013564
0.925045 , 0.00203233
0.924611 , 0.00188262
0.927951 , 0.00212144
0.925779 , 0.00198808
0.927649 , 0.00149585
0.92503 , 0.00139644
0.925331 , 0.00178037
0.928837 , 0.00147227
0.928686 , 0.00196181
0.929513 , 0.000909495
0.931145 , 0.000920124
0.930132 , 0.00167193
0.930456 , 0.000938842
0.929737 , 0.00105856
0.933719 , 0.00137441
0.930575 , 0.00150752
0.931373 , 0.00123051
0.93377 , 0.00141447
0.934492 , 0.00096377
0.936033 , 0.00139576
0.937246 , 0.00115616
0.936397 , 0.00126284
0.935927 , 0.000903578
0.936173 , 0.0012015
0.934552 , 0.00123416
0.937977 , 0.0012674
0.938362 , 0.00108356
0.939178 , 0.00121528
0.939902 , 0.000934224
0.939848 , 0.000898016
0.940325 , 0.00105521
0.940408 , 0.0010647
0.939738 , 0.000656836
0.940941 , 0.000926095
0.941306 , 0.00117361
0.94159 , 0.000858085
0.943827 , 0.00120728
0.942987 , 0.00113582
0.943043 , 0.000728705
0.944246 , 0.000987411
0.945496 , 0.00136702
0.944515 , 0.00064766
0.944545 , 0.00100758
0.945826 , 0.000931436
0.947069 , 0.00115445
0.944562 , 0.000973126
0.947006 , 0.000740288
0.946753 , 0.000782827

13
0 , 0
0 , 0
0 , 0
0 , 0
0 , 0
0 , 0
0 , 0
0 , 0
0 , 0
0 , 0
0 , 0
0 , 0
0 , 0
0.000768649 , 0.00013494
0.114299 , 0.0025341
0.840833 , 0.00375887
1.62079 , 0.00667298
1.82149 , 0.00884328
1.70324 , 0.00814548
1.49299 , 0.00761683
1.33346 , 0.00780607
1.21156 , 0.00578565
1.13167 , 0.00576871
1.06026 , 0.00499338
1.01321 , 0.00409492
0.992413 , 0.00264568
0.962746 , 0.00300495
0.947059 , 0.00196074
0.93726 , 0.00296105
0.930982 , 0.00188538
0.931667 , 0.00235425
0.936205 , 0.00246028
0.936042 , 0.00281758
0.934602 , 0.00291845
0.935094 , 0.00190523
0.938663 , 0.00234842
0.93121 , 0.00290406
0.927525 , 0.00200413
0.932387 , 0.00190019
0.92889 , 0.00150032
0.924707 , 0.00244462
0.922743 , 0.0018776
0.923487 , 0.00205429
0.920501 , 0.00229325
0.919356 , 0.00110931
0.919714 , 0.00170042
0.920932 , 0.00172924
0.921121 , 0.00164964
0.919757 , 0.00280105
0.921684 , 0.00176426
0.922993 , 0.00139809
0.922085 , 0.00128482
0.92408 , 0.00210375
0.925336 , 0.00187722
0.927649 , 0.00197456
0.92602 , 0.00184449
0.926897 , 0.00156842
0.924675 , 0.00133266
0.92507 , 0.0016583
0.929015 , 0.00136596
0.928755 , 0.00180591
0.92993 , 0.00093505
0.930827 , 0.000904207
0.930441 , 0.00156866
0.930122 , 0.000926068
0.929902 , 0.000987679
0.933473 , 0.0012881
0.930463 , 0.00139118
0.931564 , 0.00114792
0.933425 , 0.00134615
0.934805 , 0.000940051
0.935948 , 0.00128669
0.936656 , 0.00121597
0.93648 , 0.00116459
0.936162 , 0.000863869
0.936423 , 0.00113325
0.935099 , 0.00126038
0.937723 , 0.00119305
0.93803 , 0.00105065
0.939053 , 0.0011249
0.939818 , 0.000863421
0.939873 , 0.000826436
0.940278 , 0.000971814
0.939987 , 0.00106593
0.939674 , 0.000607657
0.940888 , 0.000853506
0.941357 , 0.00108078
0.941086 , 0.000936928
0.943555 , 0.00114329
0.942671 , 0.00109158
0.943276 , 0.00070965
0.944739 , 0.0010334
0.945293 , 0.00127373
0.944965 , 0.000746741
0.945182 , 0.00112419
0.94619 , 0.000930664
0.946944 , 0.00106926
0.944751 , 0.00091485
0.946814 , 0.000707424
0.946697 , 0.000722263

14
0 , 0
0 , 0
0 , 0
0 , 0
0 , 0
0 , 0
0 , 0
0 , 0
0 , 0
0 , 0
0 , 0
0 , 0
0 , 0
0.000729967 , 0.000130782
0.114495 , 0.0023543
0.838679 , 0.00409257
1.61904 , 0.00642161
1.82011 , 0.00830314
1.70027 , 0.00810454
1.49317 , 0.00705408
1.33368 , 0.00723038
1.21114 , 0.00537301
1.13139 , 0.00534824
1.0597 , 0.00465663
1.01241 , 0.00387442
0.992608 , 0.00245715
0.961585 , 0.0030146
0.94577 , 0.0022266
0.93633 , 0.00289484
0.931118 , 0.00175078
0.932001 , 0.00220512
0.936579 , 0.00230829
0.936913 , 0.00275005
0.935324 , 0.00279692
0.934277 , 0.00194405
0.937995 , 0.0022746
0.931153 , 0.00268924
0.927023 , 0.00192232
0.931303 , 0.00206598
0.928283 , 0.00151593
0.925011 , 0.00228354
0.922179 , 0.00182724
0.922865 , 0.0020011
0.920545 , 0.00212359
0.919106 , 0.00105709
0.919237 , 0.00164492
0.920617 , 0.00163168
0.921385 , 0.00154988
0.919617 , 0.00259709
0.921761 , 0.0016352
0.922555 , 0.00136663
0.922077 , 0.00118954
0.924109 , 0.00194791
0.924845 , 0.00180577
0.926719 , 0.00205101
0.925832 , 0.00171797
0.926516 , 0.00150121
0.924615 , 0.0012353
0.925256 , 0.00154647
0.928348 , 0.00142962
0.928767 , 0.00167199
0.930233 , 0.00091713
0.930537 , 0.000886103
0.930118 , 0.00148782
0.930767 , 0.00107304
0.929766 , 0.000924517
0.933444 , 0.00119289
0.930607 , 0.00129595
0.931687 , 0.00106987
0.933027 , 0.00130834
0.934359 , 0.000978064
0.935746 , 0.00120832
0.936608 , 0.0011268
0.936821 , 0.00113089
0.936544 , 0.000886183
0.93623 , 0.00106678
0.934846 , 0.00119404
0.937532 , 0.00112109
0.938315 , 0.00101376
0.938641 , 0.0011198
0.940082 , 0.000841828
0.940193 , 0.000829172
0.94019 , 0.000904033
0.940149 , 0.000999983
0.939953 , 0.000627979
0.941163 , 0.000836576
0.941927 , 0.00115184
0.941473 , 0.000950007
0.943881 , 0.00110739
0.942811 , 0.00102028
0.943603 , 0.00073381
0.945036 , 0.0010017
0.944862 , 0.00125539
0.944941 , 0.000691766
0.945318 , 0.00104969
0.946392 , 0.00088498
0.946731 , 0.00101254
0.944938 , 0.000867401
0.946629 , 0.000680608
0.946924 , 0.000706106

15
0 , 0
0 , 0
0 , 0
0 , 0
0 , 0
0 , 0
0 , 0
0 , 0
0 , 0
0 , 0
0 , 0
0 , 0
0 , 0
0.000726722 , 0.000121794
0.115186 , 0.00229807
0.838071 , 0.0038581
1.61852 , 0.00600071
1.82058 , 0.00774388
1.69841 , 0.00777152
1.49226 , 0.00662938
1.33245 , 0.00684163
1.21273 , 0.00524707
1.12976 , 0.00523977
1.0603 , 0.00437733
1.01359 , 0.00379596
0.991689 , 0.00246502
0.963204 , 0.00323975
0.947223 , 0.0025318
0.936024 , 0.00271219
0.932078 , 0.00189208
0.931072 , 0.0022535
0.937357 , 0.00228543
0.936154 , 0.00267017
0.935336 , 0.00260382
0.9335 , 0.00196939
0.938637 , 0.00221273
0.930904 , 0.00251582
0.927354 , 0.00182006
0.930637 , 0.00203535
0.928619 , 0.00145064
0.925398 , 0.00216096
0.922651 , 0.0017652
0.923834 , 0.00209997
0.921271 , 0.00210582
0.919086 , 0.000984298
0.919884 , 0.0016621
0.920772 , 0.00152694
0.921851 , 0.0015163
0.920102 , 0.00246606
0.921568 , 0.00153442
0.922402 , 0.00128142
0.922424 , 0.00116031
0.924113 , 0.00181341
0.924467 , 0.00172322
0.926538 , 0.00191798
0.925975 , 0.00160573
0.926326 , 0.00141037
0.92416 , 0.00123659
0.925268 , 0.00143974
0.92828 , 0.00133264
0.928811 , 0.00155717
0.929518 , 0.00111352
0.930771 , 0.000857606
0.930362 , 0.00140657
0.930967 , 0.00101886
0.929614 , 0.000873941
0.933791 , 0.00116337
0.931087 , 0.00129841
0.931862 , 0.00101132
0.933203 , 0.00123064
0.934572 , 0.000935203
0.935759 , 0.00112495
0.936368 , 0.00107616
0.936586 , 0.0010788
0.936327 , 0.000852893
0.936106 , 0.00100085
0.935274 , 0.00119104
0.937403 , 0.00105161
0.938206 , 0.00095004
0.938556 , 0.00104597
0.939895 , 0.000805735
0.939688 , 0.000922342
0.94021 , 0.000841845
0.940312 , 0.000945067
0.939996 , 0.000586227
0.941083 , 0.000782944
0.941987 , 0.00107396
0.941677 , 0.000907636
0.94361 , 0.00106595
0.942914 , 0.00095538
0.943573 , 0.000683769
0.944976 , 0.000934489
0.944553 , 0.00120881
0.944682 , 0.000694133
0.945417 , 0.000982171
0.946185 , 0.000849283
0.946519 , 0.000966285
0.945089 , 0.000821388
0.946544 , 0.000639355
0.94648 , 0.00079331

16
0 , 0
0 , 0
0 , 0
0 , 0
0 , 0
0 , 0
0 , 0
0 , 0
0 , 0
0 , 0
0 , 0
0 , 0
0 , 0
0.000723884 , 0.000113964
0.115703 , 0.00221092
0.839533 , 0.00389372
1.61972 , 0.00573993
1.8258 , 0.00893142
1.69877 , 0.00727841
1.49278 , 0.00622293
1.33356 , 0.00649551
1.21528 , 0.00553007
1.13213 , 0.00544308
1.06034 , 0.00409475
1.01526 , 0.00392246
0.992126 , 0.00234678
0.964872 , 0.00345934
0.947363 , 0.00237237
0.936216 , 0.00254421
0.933256 , 0.00212591
0.932303 , 0.00244098
0.938147 , 0.00227921
0.93711 , 0.00267422
0.935375 , 0.00243597
0.93353 , 0.00184244
0.939 , 0.00210139
0.931407 , 0.00240651
0.927352 , 0.00170251
0.930955 , 0.00193023
0.927902 , 0.00153441
0.925636 , 0.00203529
0.923155 , 0.00172655
0.923669 , 0.00197125
0.920767 , 0.00203324
0.919701 , 0.00110726
0.919368 , 0.001638
0.921376 , 0.00155091
0.92157 , 0.00144597
0.920454 , 0.00233341
0.92195 , 0.00148528
0.922527 , 0.00120514
0.921631 , 0.00134369
0.923916 , 0.00170774
0.924464 , 0.00161193
0.92699 , 0.00185005
0.926037 , 0.00150332
0.926031 , 0.00135179
0.923725 , 0.00123592
0.924978 , 0.00137779
0.928289 , 0.0012466
0.928367 , 0.00152287
0.929024 , 0.00115295
0.930582 , 0.000824223
0.930738 , 0.0013683
0.931413 , 0.00105199
0.92972 , 0.000824355
0.933441 , 0.0011432
0.931143 , 0.00121585
0.93171 , 0.000958235
0.93305 , 0.00116119
0.934665 , 0.000879761
0.935345 , 0.00113058
0.936281 , 0.00101043
0.936133 , 0.00110595
0.936075 , 0.00083692
0.936024 , 0.00093984
0.935158 , 0.0011201
0.937759 , 0.00104621
0.938465 , 0.000925454
0.938694 , 0.000988077
0.940047 , 0.00076877
0.940076 , 0.00094622
0.939719 , 0.000927951
0.940502 , 0.000904233
0.939967 , 0.000549133
0.941054 , 0.000732946
0.942202 , 0.00102736
0.941676 , 0.000849016
0.943738 , 0.00100525
0.942913 , 0.000893677
0.943496 , 0.000644282
0.945316 , 0.000938096
0.944544 , 0.00113078
0.944615 , 0.000652704
0.945279 , 0.000928975
0.946345 , 0.000810335
0.94665 , 0.000913347
0.945108 , 0.000768579
0.946315 , 0.000640223
0.946527 , 0.000743591

17
0 , 0
0 , 0
0 , 0
0 , 0
0 , 0
0 , 0
0 , 0
0 , 0
0 , 0
0 , 0
0 , 0
0 , 0
0 , 0
0.000694661 , 0.000110967
0.116088 , 0.00211225
0.839628 , 0.00365875
1.61665 , 0.00620347
1.82268 , 0.00895177
1.70095 , 0.00717594
1.49352 , 0.00589159
1.33299 , 0.00612892
1.21352 , 0.00548367
1.1324 , 0.00512031
1.06282 , 0.00458047
1.01538 , 0.00368653
0.992129 , 0.00220442
0.964277 , 0.00330352
0.947264 , 0.00223063
0.936574 , 0.00241661
0.932959 , 0.00201892
0.93303 , 0.0024055
0.938553 , 0.00217901
0.936906 , 0.00252022
0.934195 , 0.00257458
0.934178 , 0.00184797
0.938053 , 0.00218926
0.930926 , 0.00231112
0.927265 , 0.00160158
0.93048 , 0.00187436
0.92779 , 0.00144567
0.925243 , 0.0019518
0.922763 , 0.00166874
0.924317 , 0.00196157
0.920876 , 0.001913
0.919982 , 0.00107747
0.919205 , 0.00154726
0.921467 , 0.00145966
0.92146 , 0.00136275
0.920836 , 0.00222486
0.921579 , 0.00144368
0.921989 , 0.00125315
0.921508 , 0.00126821
0.924096 , 0.00161425
0.924095 , 0.00155848
0.927382 , 0.00178156
0.925826 , 0.00142781
0.926176 , 0.00127796
0.923669 , 0.00116229
0.924881 , 0.00129783
0.928456 , 0.00118279
0.928462 , 0.00143366
0.929069 , 0.00108393
0.93045 , 0.000785429
0.930567 , 0.00129667
0.931561 , 0.000999247
0.92973 , 0.000774408
0.933226 , 0.00109521
0.931355 , 0.00116168
0.932 , 0.000945592
0.933146 , 0.00109497
0.934902 , 0.000859661
0.934756 , 0.0012143
0.936113 , 0.000963764
0.93586 , 0.0010743
0.936135 , 0.000788475
0.936462 , 0.000985827
0.935372 , 0.00107374
0.938141 , 0.00105453
0.938684 , 0.00089647
0.93853 , 0.000942521
0.940113 , 0.000725163
0.940054 , 0.000889088
0.93973 , 0.000871729
0.94091 , 0.000942456
0.939964 , 0.000515831
0.941493 , 0.000816616
0.942224 , 0.000965289
0.941556 , 0.000806566
0.943781 , 0.000945261
0.942992 , 0.000843208
0.943175 , 0.000685183
0.945542 , 0.000909581
0.944467 , 0.00106501
0.944632 , 0.000613334
0.945253 , 0.000873013
0.946418 , 0.000764677
0.946583 , 0.000860571
0.945182 , 0.000725776
0.945933 , 0.000712366
0.946448 , 0.000702937

18
0 , 0
0 , 0
0 , 0
0 , 0
0 , 0
0 , 0
0 , 0
0 , 0
0 , 0
0 , 0
0 , 0
0 , 0
0 , 0
0.000656069 , 0.000111512
0.116275 , 0.00200017
0.84195 , 0.00415792
1.61981 , 0.00664927
1.82395 , 0.00853553
1.69985 , 0.0068543
1.49358 , 0.00555494
1.33599 , 0.00651364
1.21364 , 0.0051714
1.13128 , 0.00495538
1.06237 , 0.00434253
1.01422 , 0.00366307
0.992409 , 0.00209705
0.963935 , 0.00313335
0.947072 , 0.00211181
0.936863 , 0.00229669
0.933322 , 0.00193764
0.932382 , 0.0023587
0.9388 , 0.00206918
0.937576 , 0.00246873
0.934905 , 0.00252897
0.934658 , 0.00180729
0.937895 , 0.0020701
0.931413 , 0.00223267
0.92752 , 0.00153139
0.929705 , 0.0019298
0.928457 , 0.00151714
0.925382 , 0.00184543
0.922626 , 0.00157919
0.923713 , 0.00194538
0.920895 , 0.0018037
0.919778 , 0.00103618
0.919179 , 0.001459
0.921462 , 0.00137619
0.921344 , 0.00129
0.920273 , 0.00217186
0.921854 , 0.0013886
0.922174 , 0.0011958
0.922014 , 0.00129822
0.924299 , 0.00153543
0.923545 , 0.00156877
0.927562 , 0.00168925
0.925281 , 0.0014524
0.926385 , 0.00122301
0.923272 , 0.00116534
0.925197 , 0.00126386
0.927876 , 0.00125683
0.929155 , 0.00151908
0.929461 , 0.0010947
0.930263 , 0.000763696
0.930142 , 0.00129411
0.931682 , 0.000949822
0.929592 , 0.000742994
0.933156 , 0.00103494
0.931624 , 0.00112769
0.932066 , 0.000893952
0.932852 , 0.00107345
0.93512 , 0.000839308
0.934669 , 0.00114817
0.936359 , 0.00094129
0.936143 , 0.00105175
0.935903 , 0.000778805
0.936209 , 0.000963315
0.935441 , 0.00101467
0.937863 , 0.00103236
0.93894 , 0.000883239
0.938491 , 0.000889452
0.940222 , 0.000692286
0.940212 , 0.00085284
0.939808 , 0.00082559
0.940973 , 0.000890766
0.940173 , 0.000529503
0.941258 , 0.000805092
0.942445 , 0.000936524
0.941777 , 0.000791814
0.943757 , 0.000891506
0.942931 , 0.000797314
0.943289 , 0.000655948
0.945359 , 0.000876761
0.944573 , 0.0010097
0.944602 , 0.00057904
0.945253 , 0.000823085
0.946325 , 0.000726992
0.946487 , 0.000816979
0.945129 , 0.000686343
0.946044 , 0.000680622
0.946488 , 0.00066395

19
0 , 0
0 , 0
0 , 0
0 , 0
0 , 0
0 , 0
0 , 0
0 , 0
0 , 0
0 , 0
0 , 0
0 , 0
0 , 0
0.000657397 , 0.000105488
0.116051 , 0.0019051
0.841776 , 0.00393682
1.61948 , 0.0062984
1.82435 , 0.00808335
1.70117 , 0.0066164
1.49497 , 0.00543609
1.33659 , 0.00619008
1.21211 , 0.005123
1.13063 , 0.00473305
1.0625 , 0.0041097
1.01362 , 0.00351669
0.992013 , 0.00202268
0.964141 , 0.00297103
0.946976 , 0.00199987
0.936798 , 0.00217344
0.934743 , 0.00231938
0.932346 , 0.0022314
0.938532 , 0.0019755
0.937206 , 0.00236443
0.93556 , 0.00248036
0.934359 , 0.00173547
0.937455 , 0.00200689
0.930649 , 0.00224583
0.927697 , 0.00145929
0.929874 , 0.00183326
0.928062 , 0.00148832
0.92565 , 0.001766
0.923236 , 0.00161345
0.9237 , 0.00184019
0.921345 , 0.00176452
0.919792 , 0.000980225
0.919157 , 0.00138026
0.920973 , 0.00139038
0.921772 , 0.00129299
0.919825 , 0.00210253
0.922401 , 0.00142286
0.922247 , 0.00113349
0.921647 , 0.00128151
0.924325 , 0.00145259
0.922884 , 0.00162465
0.927402 , 0.00160582
0.925149 , 0.00138013
0.926217 , 0.00116901
0.923634 , 0.00116013
0.925502 , 0.00123362
0.927408 , 0.00127784
0.929025 , 0.00144276
0.929533 , 0.00103798
0.930894 , 0.000959231
0.93046 , 0.00126471
0.931421 , 0.000935711
0.930111 , 0.000873425
0.933224 , 0.000981347
0.931766 , 0.00107612
0.932089 , 0.000845928
0.932833 , 0.00101557
0.934895 , 0.000825375
0.934644 , 0.00108636
0.935568 , 0.00119093
0.935992 , 0.00100619
0.935902 , 0.000736676
0.936352 , 0.000922383
0.935857 , 0.00104601
0.937861 , 0.000976514
0.939591 , 0.00105941
0.938908 , 0.000938827
0.940441 , 0.00069071
0.940348 , 0.000818098
0.940091 , 0.000830703
0.940853 , 0.000851018
0.94025 , 0.000506714
0.941391 , 0.000773144
0.942868 , 0.000981631
0.941635 , 0.000762151
0.943863 , 0.000849883
0.943155 , 0.000786777
0.943722 , 0.000756924
0.945335 , 0.000829688
0.944845 , 0.000993137
0.944579 , 0.000548181
0.945161 , 0.000783991
0.9462 , 0.000698793
0.946561 , 0.000776344
0.945434 , 0.000717339
0.945992 , 0.000645836
0.946842 , 0.000720822

20
0 , 0
0 , 0
0 , 0
0 , 0
0 , 0
0 , 0
0 , 0
0 , 0
0 , 0
0 , 0
0 , 0
0 , 0
0 , 0
0.000635882 , 0.000102361
0.116091 , 0.00180777
0.842261 , 0.00376619
1.61944 , 0.00597536
1.82246 , 0.00789686
1.70011 , 0.00636557
1.49711 , 0.00558334
1.33683 , 0.00587734
1.21396 , 0.00519733
1.13098 , 0.00450381
1.06185 , 0.00395265
1.01379 , 0.00334055
0.991325 , 0.0020385
0.964371 , 0.0028279
0.948191 , 0.00225292
0.936997 , 0.00207152
0.93545 , 0.00231121
0.933037 , 0.00222682
0.938575 , 0.00187462
0.937126 , 0.00224449
0.936222 , 0.00244427
0.934195 , 0.00165462
0.937925 , 0.00196099
0.930291 , 0.00216045
0.928004 , 0.0014182
0.930095 , 0.00175315
0.928287 , 0.00142973
0.924803 , 0.00187727
0.923162 , 0.00153245
0.923354 , 0.00177964
0.921349 , 0.00167397
0.920105 , 0.000981141
0.918898 , 0.00133475
0.921006 , 0.00131943
0.921746 , 0.00122691
0.919721 , 0.00199736
0.922093 , 0.00138456
0.921982 , 0.00110765
0.921367 , 0.00124763
0.924092 , 0.00139757
0.922703 , 0.00155183
0.926909 , 0.00160128
0.925363 , 0.0013267
0.926293 , 0.00111161
0.923446 , 0.00111651
0.925667 , 0.0011819
0.927258 , 0.00122148
0.929035 , 0.00136876
0.929125 , 0.00106578
0.930413 , 0.00102925
0.930218 , 0.00122394
0.931573 , 0.000900756
0.930564 , 0.000944617
0.933014 , 0.000954496
0.931821 , 0.00102238
0.932183 , 0.000807991
0.932669 , 0.000977257
0.934931 , 0.000783879
0.934517 , 0.00103834
0.935673 , 0.00113462
0.935759 , 0.000982644
0.935785 , 0.000708618
0.936406 , 0.000876706
0.936195 , 0.00104846
0.937528 , 0.000984255
0.939229 , 0.00106856
0.939156 , 0.000924527
0.940295 , 0.000671308
0.940443 , 0.000781914
0.940161 , 0.000791137
0.941002 , 0.000820958
0.940313 , 0.000484812
0.941196 , 0.000758854
0.94309 , 0.00095737
0.941823 , 0.000746952
0.943875 , 0.000806357
0.943177 , 0.000746719
0.943562 , 0.000735758
0.945408 , 0.000790551
0.944807 , 0.000942948
0.944689 , 0.000531593
0.945325 , 0.000761656
0.946471 , 0.000715921
0.946445 , 0.000745628
0.945239 , 0.000707866
0.94613 , 0.000627967
0.946824 , 0.000684055

21
0 , 0
0 , 0
0 , 0
0 , 0
0 , 0
0 , 0
0 , 0
0 , 0
0 , 0
0 , 0
0 , 0
0 , 0
0 , 0
0.000627231 , 9.77486e-05
0.11564 , 0.00177768
0.842285 , 0.00358244
1.62166 , 0.00610254
1.8222 , 0.00751581
1.70217 , 0.00639748
1.4966 , 0.00533521
1.33747 , 0.00562678
1.21403 , 0.00494423
1.13043 , 0.00431901
1.0621 , 0.00376836
1.01447 , 0.00324929
0.990482 , 0.0021141
0.964255 , 0.00269235
0.948305 , 0.00214597
0.937859 , 0.0021507
0.935393 , 0.00219913
0.932658 , 0.00215171
0.93861 , 0.00178346
0.936959 , 0.00214151
0.936061 , 0.0023305
0.935195 , 0.00186471
0.93776 , 0.00187252
0.930621 , 0.00208134
0.927202 , 0.00156969
0.930105 , 0.00166761
0.928854 , 0.00147345
0.924334 , 0.00184606
0.922834 , 0.00149411
0.923186 , 0.00170112
0.921544 , 0.00160415
0.920196 , 0.000937653
0.918816 , 0.00127225
0.921155 , 0.00126382
0.921792 , 0.00116795
0.920354 , 0.00200267
0.921746 , 0.00136177
0.921642 , 0.00110689
0.921377 , 0.00118677
0.9244 , 0.00136463
0.921919 , 0.0016716
0.926502 , 0.0015764
0.924796 , 0.00138355
0.926597 , 0.00110001
0.923927 , 0.00116565
0.925726 , 0.0011258
0.927194 , 0.00116362
0.928986 , 0.00130288
0.929402 , 0.00105074
0.930395 , 0.000979188
0.930284 , 0.00116603
0.931779 , 0.000881177
0.930706 , 0.000909613
0.932541 , 0.00102372
0.931731 , 0.000976693
0.93204 , 0.000781751
0.932412 , 0.000964535
0.934375 , 0.000930508
0.934599 , 0.000991007
0.935564 , 0.00108467
0.936113 , 0.000999431
0.935745 , 0.000675178
0.936499 , 0.000839071
0.93588 , 0.00104599
0.937735 , 0.000958746
0.938939 , 0.00105671
0.939412 , 0.00091603
0.940426 , 0.000651709
0.940255 , 0.000767138
0.940295 , 0.000764468
0.940957 , 0.000782194
0.940166 , 0.000484001
0.941068 , 0.000733175
0.943233 , 0.000921829
0.941434 , 0.000810058
0.944026 , 0.000781779
0.94344 , 0.000757534
0.943627 , 0.000702872
0.945224 , 0.000774353
0.944828 , 0.000897175
0.944643 , 0.000507754
0.94548 , 0.000740801
0.946522 , 0.000682904
0.946428 , 0.000709439
0.94518 , 0.000675934
0.945993 , 0.000612745
0.946937 , 0.000660293

22
0 , 0
0 , 0
0 , 0
0 , 0
0 , 0
0 , 0
0 , 0
0 , 0
0 , 0
0 , 0
0 , 0
0 , 0
0 , 0
0.000640011 , 9.40718e-05
0.115576 , 0.00169615
0.84165 , 0.0034742
1.6224 , 0.00586505
1.82268 , 0.0071815
1.7028 , 0.00613185
1.49677 , 0.00508994
1.33788 , 0.00538048
1.21484 , 0.00478246
1.13048 , 0.00411832
1.06174 , 0.00361131
1.01565 , 0.00331614
0.99011 , 0.00204979
0.964343 , 0.00256854
0.947111 , 0.00236878
0.939006 , 0.00234926
0.935799 , 0.00213571
0.933047 , 0.00208804
0.93827 , 0.0017341
0.937446 , 0.00209922
0.936756 , 0.0023281
0.935154 , 0.00177839
0.937947 , 0.00179517
0.931204 , 0.00206832
0.927203 , 0.00149664
0.929934 , 0.00159919
0.92885 , 0.00140488
0.923772 , 0.00184763
0.922895 , 0.00142588
0.923479 , 0.0016482
0.922102 , 0.00162819
0.920443 , 0.0009277
0.91939 , 0.00134205
0.921077 , 0.00120751
0.921982 , 0.00112969
0.92033 , 0.00190963
0.921829 , 0.00130103
0.921502 , 0.00106465
0.921823 , 0.00121648
0.924218 , 0.00131386
0.92221 , 0.00162019
0.925986 , 0.00158925
0.924562 , 0.0013398
0.926287 , 0.00109366
0.923807 , 0.0011179
0.925871 , 0.0010831
0.927338 , 0.00111875
0.929266 , 0.00127337
0.929336 , 0.00100399
0.930439 , 0.000934632
0.930629 , 0.00116407
0.931315 , 0.000959857
0.930992 , 0.000913105
0.93238 , 0.00098924
0.931753 , 0.000931509
0.932292 , 0.000786595
0.932422 , 0.000919704
0.934386 , 0.000887276
0.934643 , 0.000945919
0.935279 , 0.00107294
0.936089 , 0.000953229
0.936014 , 0.000697709
0.936414 , 0.000804516
0.936268 , 0.00107011
0.937954 , 0.000939964
0.938767 , 0.00102211
0.939052 , 0.00094482
0.940317 , 0.000630734
0.940059 , 0.000757192
0.940162 , 0.000740925
0.941086 , 0.000756971
0.940233 , 0.000466314
0.941158 , 0.000704806
0.943311 , 0.000882319
0.941326 , 0.000779806
0.944142 , 0.000754376
0.94339 , 0.000724055
0.943898 , 0.000722843
0.945412 , 0.000761969
0.944776 , 0.000857004
0.944706 , 0.000488134
0.945468 , 0.000706429
0.946601 , 0.000655862
0.946408 , 0.000676723
0.945232 , 0.000646569
0.94607 , 0.000589275
0.946937 , 0.000629564

23
0 , 0
0 , 0
0 , 0
0 , 0
0 , 0
0 , 0
0 , 0
0 , 0
0 , 0
0 , 0
0 , 0
0 , 0
0 , 0
0.000622059 , 9.1664e-05
0.115718 , 0.00162695
0.84128 , 0.00334032
1.624 , 0.0058287
1.82282 , 0.00686378
1.70339 , 0.00588871
1.49753 , 0.00492272
1.33828 , 0.00515687
1.21407 , 0.00463322
1.1307 , 0.00394134
1.06033 , 0.00372699
1.01586 , 0.00317573
0.989632 , 0.00201611
0.963228 , 0.00269572
0.946147 , 0.00246031
0.939677 , 0.00234312
0.935742 , 0.00204155
0.93286 , 0.0020039
0.938457 , 0.00166745
0.936605 , 0.00217498
0.936688 , 0.00222562
0.935064 , 0.00170171
0.937739 , 0.00172799
0.931171 , 0.00197662
0.927178 , 0.00143032
0.929478 , 0.0015946
0.928924 , 0.00134448
0.923936 , 0.00177304
0.92275 , 0.00137017
0.92303 , 0.00163769
0.922489 , 0.00160321
0.920232 , 0.000911378
0.919756 , 0.00133369
0.921075 , 0.00115382
0.921701 , 0.00111536
0.920257 , 0.00182619
0.921808 , 0.00124336
0.921504 , 0.00101731
0.921372 , 0.00124687
0.924233 , 0.00125553
0.922561 , 0.00158734
0.926248 , 0.00154106
0.924474 , 0.00128321
0.92647 , 0.00106104
0.923965 , 0.00107985
0.925932 , 0.00103671
0.927259 , 0.00107191
0.929219 , 0.00121766
0.929209 , 0.00096772
0.930284 , 0.000906386
0.930678 , 0.00111341
0.931317 , 0.000917178
0.930784 , 0.000896941
0.932378 , 0.000945253
0.931711 , 0.000891075
0.932317 , 0.000752037
0.932262 , 0.000893124
0.93441 , 0.000848181
0.934939 , 0.000951079
0.935228 , 0.0010265
0.936348 , 0.000947016
0.935812 , 0.000696621
0.936499 , 0.000773454
0.936522 , 0.00105353
0.93815 , 0.00091924
0.938458 , 0.00102439
0.938873 , 0.000920306
0.940206 , 0.000612889
0.940119 , 0.00072599
0.940228 , 0.000710988
0.94108 , 0.000723338
0.940215 , 0.000445934
0.941179 , 0.000673811
0.943423 , 0.00085058
0.941589 , 0.000790075
0.944016 , 0.000731782
0.943353 , 0.000692827
0.943713 , 0.000715128
0.945395 , 0.00072829
0.944861 , 0.000823222
0.944685 , 0.000466868
0.945407 , 0.000677718
0.946574 , 0.000627269
0.946436 , 0.000647263
0.945311 , 0.000622888
0.946064 , 0.000563103
0.947089 , 0.000620369

24
0 , 0
0 , 0
0 , 0
0 , 0
0 , 0
0 , 0
0 , 0
0 , 0
0 , 0
0 , 0
0 , 0
0 , 0
0 , 0
0.00063399 , 8.85688e-05
0.115439 , 0.00158245
0.839344 , 0.00373829
1.62456 , 0.00560841
1.82416 , 0.00670533
1.70233 , 0.00573709
1.49817 , 0.0047555
1.33864 , 0.00495068
1.2142 , 0.00443792
1.13039 , 0.00378623
1.06006 , 0.00357876
1.01599 , 0.00304327
0.99031 , 0.0020457
0.962721 , 0.00263027
0.946107 , 0.00235591
0.938848 , 0.00239163
0.935453 , 0.00197585
0.932586 , 0.00193812
0.938405 , 0.00159731
0.936178 , 0.00212569
0.936692 , 0.00213087
0.934995 , 0.00163074
0.937072 , 0.00178369
0.931094 , 0.00189406
0.927467 , 0.00139974
0.9294 , 0.00152871
0.928524 , 0.0013481
0.923676 , 0.00171742
0.922856 , 0.00131613
0.923217 , 0.00157918
0.922083 , 0.00158757
0.920148 , 0.000876577
0.919285 , 0.00136116
0.921167 , 0.00110856
0.921889 , 0.00108433
0.920546 , 0.00177223
0.921723 , 0.00119342
0.921426 , 0.000977138
0.920933 , 0.00127194
0.923616 , 0.00135101
0.922403 , 0.00152793
0.926042 , 0.0014898
0.924391 , 0.00123143
0.926492 , 0.00101611
0.923935 , 0.0010343
0.926077 , 0.00100322
0.92691 , 0.00108413
0.929487 , 0.00119631
0.929527 , 0.000979698
0.930024 , 0.000905899
0.930627 , 0.00106726
0.931412 , 0.000883272
0.93067 , 0.000866258
0.932465 , 0.000909193
0.931758 , 0.000854447
0.932407 , 0.000725658
0.932434 , 0.000872152
0.934255 , 0.000826848
0.934727 , 0.000934933
0.935025 , 0.00100352
0.936309 , 0.000907513
0.935793 , 0.000667253
0.936571 , 0.000743953
0.936911 , 0.0010811
0.938178 , 0.00088057
0.938542 , 0.000984325
0.939208 , 0.000942699
0.940011 , 0.000618445
0.940015 , 0.000702774
0.940314 , 0.000686133
0.941082 , 0.000692546
0.940069 , 0.000451354
0.94106 , 0.000656047
0.943585 , 0.000830368
0.941617 , 0.000756941
0.943956 , 0.0007032
0.943248 , 0.000671675
0.943734 , 0.000685012
0.945345 , 0.000699082
0.944789 , 0.000791408
0.944747 , 0.000451232
0.945515 , 0.000657706
0.946418 , 0.000620517
0.946525 , 0.000626068
0.945548 , 0.000641717
0.946243 , 0.000567936
0.94721 , 0.000606124

25
0 , 0
0 , 0
0 , 0
0 , 0
0 , 0
0 , 0
0 , 0
0 , 0
0 , 0
0 , 0
0 , 0
0 , 0
0 , 0
0.000617714 , 8.64973e-05
0.115431 , 0.00151785
0.838262 , 0.00374545
1.62489 , 0.00538983
1.82591 , 0.00666644
1.70115 , 0.00562667
1.50028 , 0.00502678
1.33916 , 0.00477736
1.21503 , 0.00433581
1.13121 , 0.0037224
1.06041 , 0.00345072
1.0149 , 0.00311711
0.989848 , 0.00201585
0.962902 , 0.00252938
0.946243 , 0.00226382
0.938891 , 0.00229436
0.935077 , 0.00193204
0.933249 , 0.0019737
0.939022 , 0.00165185
0.935749 , 0.00208362
0.936038 , 0.00214601
0.934939 , 0.00156513
0.937089 , 0.00171094
0.931273 , 0.00182551
0.927635 , 0.00135296
0.929022 , 0.00151423
0.928255 , 0.00132059
0.923629 , 0.00164794
0.922796 , 0.00126383
0.922907 , 0.00154611
0.921754 , 0.00155802
0.920184 , 0.000841559
0.919382 , 0.00130922
0.921069 , 0.00106778
0.921651 , 0.00106705
0.920341 , 0.00171224
0.921324 , 0.00121246
0.921453 , 0.000937628
0.920872 , 0.00122155
0.923958 , 0.00134019
0.922435 , 0.00146589
0.925769 , 0.00145485
0.92408 , 0.00122134
0.926608 , 0.000981434
0.923793 , 0.00100226
0.926058 , 0.000962455
0.926841 , 0.00104217
0.929709 , 0.00116879
0.929394 , 0.000949161
0.929812 , 0.000894366
0.930623 , 0.00102368
0.931547 , 0.000857883
0.930357 , 0.000887747
0.932493 , 0.000872518
0.931765 , 0.000819582
0.932274 , 0.00070863
0.932074 , 0.00091093
0.9344 , 0.00080632
0.934996 , 0.000936328
0.935174 , 0.000974049
0.936163 , 0.000882687
0.935673 , 0.000651145
0.936471 , 0.000720565
0.937099 , 0.0010539
0.938037 , 0.000856277
0.938296 , 0.000975566
0.939093 , 0.000911577
0.940502 , 0.000770056
0.94025 , 0.000713952
0.940225 , 0.000664028
0.941148 , 0.000667512
0.94002 , 0.000435711
0.941016 , 0.000630801
0.943616 , 0.000797067
0.941635 , 0.00072627
0.943861 , 0.000681142
0.943188 , 0.000647043
0.943872 , 0.000671413
0.94538 , 0.000671479
0.944895 , 0.000766439
0.944712 , 0.000434212
0.945511 , 0.000630861
0.946673 , 0.000647356
0.946769 , 0.000647979
0.945747 , 0.000647027
0.946161 , 0.000550836
0.946908 , 0.000654772

26
0 , 0
0 , 0
0 , 0
0 , 0
0 , 0
0 , 0
0 , 0
0 , 0
0 , 0
0 , 0
0 , 0
0 , 0
0 , 0
0.00060269 , 8.4451e-05
0.115709 , 0.00148453
0.837824 , 0.00362497
1.62287 , 0.00555874
1.82735 , 0.00656414
1.70174 , 0.00543796
1.49988 , 0.00484627
1.33819 , 0.00469248
1.21557 , 0.00420064
1.13114 , 0.00357694
1.06125 , 0.00341986
1.01401 , 0.00312424
0.989685 , 0.0019436
0.963478 , 0.0024974
0.946709 , 0.00222434
0.939065 , 0.00221124
0.934749 , 0.00188495
0.933461 , 0.00190815
0.938696 , 0.00162017
0.93537 , 0.00203739
0.93642 , 0.00209693
0.935594 , 0.00164005
0.937341 , 0.00166294
0.931592 , 0.00178275
0.927699 , 0.00130146
0.929383 , 0.00149903
0.928214 , 0.00126947
0.923619 , 0.00158332
0.922467 , 0.00125791
0.922742 , 0.00149464
0.921968 , 0.0015121
0.920175 , 0.000808598
0.919633 , 0.00128264
0.920954 , 0.00103234
0.922011 , 0.0010865
0.920018 , 0.00167647
0.92172 , 0.0012305
0.92152 , 0.000903379
0.920668 , 0.00119124
0.92383 , 0.00129398
0.922363 , 0.00141022
0.925603 , 0.0014076
0.924225 , 0.00118234
0.926337 , 0.000981013
0.923846 , 0.000964419
0.926261 , 0.000946855
0.92692 , 0.00100446
0.929533 , 0.0011367
0.929506 , 0.00091876
0.92953 , 0.000904483
0.930444 , 0.000999695
0.93173 , 0.000844184
0.930385 , 0.000853378
0.932817 , 0.000898822
0.931883 , 0.000796291
0.932497 , 0.000716316
0.932001 , 0.000878224
0.934248 , 0.000789544
0.9351 , 0.000905593
0.935343 , 0.000950941
0.936086 , 0.000851578
0.935814 , 0.000641396
0.936369 , 0.00069975
0.937019 , 0.00101571
0.938164 , 0.000832337
0.938442 , 0.000948611
0.93895 , 0.000887434
0.940615 , 0.000748482
0.940186 , 0.000688983
0.940505 , 0.000696718
0.941084 , 0.000644505
0.93994 , 0.000426179
0.940978 , 0.000607225
0.943474 , 0.000778862
0.941569 , 0.000700862
0.943701 , 0.000673627
0.943194 , 0.000621693
0.944037 , 0.000665862
0.945264 , 0.000655575
0.94499 , 0.000742463
0.944688 , 0.000417863
0.945491 , 0.000606455
0.946571 , 0.000630223
0.946758 , 0.000622649
0.945846 , 0.000629459
0.946239 , 0.00053488
0.946985 , 0.000633744

27
0 , 0
0 , 0
0 , 0
0 , 0
0 , 0
0 , 0
0 , 0
0 , 0
0 , 0
0 , 0
0 , 0
0 , 0
0 , 0
0.000597191 , 8.14489e-05
0.115298 , 0.00148639
0.837307 , 0.00352624
1.62214 , 0.0053987
1.82618 , 0.0064243
1.70172 , 0.00523272
1.50199 , 0.00512082
1.33726 , 0.00460958
1.21571 , 0.00404456
1.13138 , 0.00345029
1.06099 , 0.00330112
1.01412 , 0.00300826
0.98939 , 0.00189337
0.963175 , 0.00242216
0.946948 , 0.00215363
0.938718 , 0.00215587
0.934719 , 0.00181405
0.934483 , 0.00210123
0.938294 , 0.00161016
0.935811 , 0.0020094
0.936874 , 0.00206806
0.935645 , 0.00157895
0.93723 , 0.00160399
0.931507 , 0.00171754
0.927364 , 0.00129621
0.929354 , 0.00144273
0.928094 , 0.00122739
0.923779 , 0.00153189
0.922203 , 0.00123902
0.922389 , 0.00148096
0.921689 , 0.00148143
0.920417 , 0.000815081
0.919921 , 0.00126735
0.920907 , 0.000994494
0.921792 , 0.00106812
0.919939 , 0.0016151
0.921663 , 0.00118544
0.92134 , 0.000887744
0.920262 , 0.00121598
0.92382 , 0.00124517
0.922641 , 0.00138515
0.925074 , 0.00145418
0.92443 , 0.00115604
0.926091 , 0.000975482
0.923901 , 0.000929616
0.92614 , 0.000919146
0.926615 , 0.00101368
0.929197 , 0.00114427
0.929652 , 0.000896165
0.929632 , 0.000876296
0.930376 , 0.000964344
0.931726 , 0.000812325
0.930376 , 0.000821214
0.932987 , 0.000881304
0.931773 , 0.000774149
0.932508 , 0.000689362
0.932014 , 0.000845174
0.934564 , 0.000822879
0.935215 , 0.000878874
0.935215 , 0.00092392
0.936263 , 0.000838474
0.935563 , 0.000666415
0.936247 , 0.000684222
0.937054 , 0.000977999
0.938212 , 0.00080239
0.938441 , 0.000912802
0.938739 , 0.000879629
0.940546 , 0.000723588
0.94023 , 0.000664467
0.940683 , 0.000693574
0.940996 , 0.000626344
0.939982 , 0.000412253
0.940951 , 0.000584949
0.94338 , 0.000755444
0.941558 , 0.0006745
0.943513 , 0.00067501
0.943043 , 0.000616914
0.944068 , 0.000641473
0.945275 , 0.000630935
0.945095 , 0.000722122
0.944659 , 0.000403136
0.945544 , 0.000585978
0.946725 , 0.000625674
0.946765 , 0.000599181
0.945968 , 0.000617899
0.946157 , 0.00052113
0.947253 , 0.000665884

28
0 , 0
0 , 0
0 , 0
0 , 0
0 , 0
0 , 0
0 , 0
0 , 0
0 , 0
0 , 0
0 , 0
0 , 0
0 , 0
0.000616416 , 8.08065e-05
0.115268 , 0.00143265
0.837114 , 0.00340348
1.6207 , 0.00539703
1.82743 , 0.0063172
1.70102 , 0.00509101
1.50274 , 0.00499
1.33678 , 0.00446734
1.21726 , 0.00419192
1.13238 , 0.00347263
1.0603 , 0.00325486
1.01364 , 0.00293727
0.989139 , 0.00184166
0.962956 , 0.00234431
0.947136 , 0.00208379
0.939242 , 0.00214259
0.934754 , 0.00174841
0.933874 , 0.00211433
0.938441 , 0.00155855
0.935886 , 0.00193776
0.937256 , 0.00202917
0.935883 , 0.00154015
0.937334 , 0.00154912
0.931587 , 0.00165696
0.927717 , 0.00129794
0.92956 , 0.00140543
0.927981 , 0.00118815
0.924056 , 0.00150186
0.922275 , 0.00119615
0.92228 , 0.0014312
0.922019 , 0.00146515
0.920121 , 0.000839527
0.919684 , 0.00124407
0.921473 , 0.00111294
0.921769 , 0.00102952
0.920019 , 0.00155844
0.921894 , 0.0011656
0.921001 , 0.000920216
0.92065 , 0.0012343
0.923883 , 0.0012015
0.922853 , 0.00135147
0.925242 , 0.0014114
0.924229 , 0.00113188
0.925904 , 0.000958482
0.924008 , 0.00090228
0.926063 , 0.000889045
0.926546 , 0.000979231
0.928982 , 0.00112328
0.929583 , 0.000866299
0.929653 , 0.000844685
0.930508 , 0.00093865
0.9317 , 0.000783195
0.930575 , 0.000815871
0.932913 , 0.000852444
0.931917 , 0.00075984
0.932378 , 0.000676857
0.931821 , 0.000837051
0.934353 , 0.000820397
0.93502 , 0.000868852
0.935245 , 0.000890814
0.936455 , 0.000830474
0.935484 , 0.00064704
0.936293 , 0.000660945
0.937083 , 0.000942873
0.937994 , 0.000803586
0.938811 , 0.000954217
0.939021 , 0.000893612
0.940499 , 0.000698806
0.940103 , 0.000652872
0.940811 , 0.000680474
0.941092 , 0.000611089
0.939909 , 0.000403791
0.9409 , 0.00056595
0.943142 , 0.000765707
0.941267 , 0.000712185
0.9433 , 0.000684363
0.942965 , 0.000599599
0.944034 , 0.000619081
0.945448 , 0.000631913
0.944998 , 0.00070263
0.944736 , 0.000395929
0.945379 , 0.000588213
0.946689 , 0.00060399
0.946666 , 0.000585805
0.945889 , 0.000600705
0.945954 , 0.000541883
0.9472 , 0.000643776

29
0 , 0
0 , 0
0 , 0
0 , 0
0 , 0
0 , 0
0 , 0
0 , 0
0 , 0
0 , 0
0 , 0
0 , 0
0 , 0
0.000595161 , 8.08156e-05
0.115439 , 0.001393
0.836878 , 0.00329247
1.62045 , 0.00521381
1.82828 , 0.00615444
1.70222 , 0.00505786
1.50238 , 0.00482767
1.33762 , 0.00439075
1.21737 , 0.00404642
1.1325 , 0.00335283
1.06023 , 0.00314138
1.01416 , 0.00288023
0.988848 , 0.00180066
0.963208 , 0.00227607
0.946935 , 0.0020207
0.939196 , 0.00206789
0.934753 , 0.00168704
0.933874 , 0.00204012
0.938835 , 0.0015545
0.935828 , 0.00187065
0.937237 , 0.00195804
0.93598 , 0.00148924
0.937859 , 0.00158422
0.931517 , 0.00160032
0.927738 , 0.00125256
0.930081 , 0.00145278
0.927955 , 0.00114674
0.923998 , 0.00145027
0.92237 , 0.00115802
0.922168 , 0.00138554
0.922253 , 0.00143302
0.920335 , 0.000837849
0.919398 , 0.00123398
0.921467 , 0.00107389
0.921486 , 0.00103309
0.92039 , 0.00154863
0.922012 , 0.00113085
0.921097 , 0.00089302
0.920534 , 0.00119657
0.923887 , 0.00115933
0.922832 , 0.0013042
0.925218 , 0.00136207
0.924262 , 0.00109264
0.925689 , 0.000949526
0.923724 , 0.000915883
0.925847 , 0.000884516
0.92657 , 0.000945154
0.928741 , 0.00111032
0.929557 , 0.000836318
0.929546 , 0.000821969
0.930625 , 0.00091319
0.931742 , 0.000756855
0.930489 , 0.000791886
0.932949 , 0.000823295
0.932046 , 0.000744368
0.932242 , 0.000667039
0.931445 , 0.000890668
0.9341 , 0.000831335
0.934992 , 0.000838838
0.935095 , 0.000872509
0.936543 , 0.000806103
0.935208 , 0.000682627
0.936075 , 0.000673897
0.936772 , 0.000961559
0.937689 , 0.000833223
0.938722 , 0.000925009
0.938976 , 0.000863472
0.940276 , 0.000710251
0.939983 , 0.000641199
0.940905 , 0.000663328
0.941173 , 0.00059522
0.939882 , 0.000390614
0.940888 , 0.000546225
0.943074 , 0.000741976
0.941165 , 0.000694699
0.943153 , 0.000676619
0.943075 , 0.000588819
0.944078 , 0.00059901
0.945385 , 0.000612901
0.945016 , 0.000678205
0.944741 , 0.000382068
0.945346 , 0.000568535
0.946674 , 0.000582972
0.946708 , 0.000566838
0.945864 , 0.000580142
0.945995 , 0.000524507
0.947239 , 0.000622357

30
0 , 0
0 , 0
0 , 0
0 , 0
0 , 0
0 , 0
0 , 0
0 , 0
0 , 0
0 , 0
0 , 0
0 , 0
0 , 0
0.000575322 , 8.05564e-05
0.11562 , 0.0013578
0.837103 , 0.00318881
1.62088 , 0.00505598
1.82756 , 0.00598957
1.70161 , 0.00492445
1.50403 , 0.00494507
1.33677 , 0.0043265
1.21747 , 0.00391051
1.13288 , 0.00326066
1.06003 , 0.00304171
1.01496 , 0.002896
0.989166 , 0.00176842
0.962637 , 0.00227174
0.946995 , 0.00195313
0.93905 , 0.00200314
0.93497 , 0.00164412
0.93374 , 0.00197553
0.939076 , 0.00152099
0.936154 , 0.00183645
0.937586 , 0.00192357
0.9358 , 0.00144997
0.938114 , 0.00155171
0.931453 , 0.00154738
0.927663 , 0.0012124
0.930118 , 0.00140401
0.927884 , 0.0011101
0.924066 , 0.00140272
0.922781 , 0.0011919
0.922767 , 0.00146639
0.922107 , 0.0013922
0.920259 , 0.000813022
0.919297 , 0.00119646
0.921381 , 0.00104104
0.921537 , 0.00099939
0.920243 , 0.0015033
0.922218 , 0.00111177
0.92123 , 0.00087296
0.920579 , 0.00115686
0.923796 , 0.00112371
0.922873 , 0.00126064
0.925183 , 0.00131635
0.924093 , 0.00106909
0.925605 , 0.00092115
0.923835 , 0.000891793
0.925784 , 0.000856846
0.926913 , 0.000975663
0.928874 , 0.0010808
0.929554 , 0.000807965
0.929464 , 0.000798357
0.930473 , 0.000895277
0.931628 , 0.000740043
0.930569 , 0.00076922
0.933138 , 0.000817725
0.932039 , 0.000719157
0.932214 , 0.000645052
0.931389 , 0.000862271
0.934042 , 0.000805193
0.934975 , 0.000810582
0.935262 , 0.000859238
0.936545 , 0.000778771
0.93523 , 0.000659853
0.936027 , 0.000652847
0.936699 , 0.000931814
0.937654 , 0.000805712
0.938952 , 0.000922708
0.938838 , 0.000845478
0.940094 , 0.000709782
0.939793 , 0.000647974
0.94091 , 0.000640853
0.941211 , 0.000576312
0.939923 , 0.000379627
0.940644 , 0.000581346
0.943056 , 0.000717047
0.941238 , 0.00067505
0.942858 , 0.000717231
0.943182 , 0.000578981
0.944189 , 0.000589148
0.94534 , 0.000593872
0.945045 , 0.000655892
0.94458 , 0.000402434
0.945324 , 0.000549704
0.946733 , 0.000566302
0.946792 , 0.000553951
0.94604 , 0.000587202
0.945988 , 0.000506773
0.947239 , 0.000601254

31
0 , 0
0 , 0
0 , 0
0 , 0
0 , 0
0 , 0
0 , 0
0 , 0
0 , 0
0 , 0
0 , 0
0 , 0
0 , 0
0.000600718 , 8.1949e-05
0.115414 , 0.00132937
0.836607 , 0.00312386
1.62262 , 0.00518749
1.82631 , 0.00592755
1.7016 , 0.00476296
1.50486 , 0.00485424
1.33744 , 0.00423858
1.2172 , 0.00379229
1.1328 , 0.00315456
1.06094 , 0.00308058
1.01544 , 0.00284229
0.989559 , 0.00175496
0.962444 , 0.00220574
0.947332 , 0.00191875
0.938754 , 0.00195994
0.935339 , 0.00163248
0.934116 , 0.00194735
0.938601 , 0.00154567
0.936146 , 0.00177624
0.936768 , 0.00203222
0.935666 , 0.00140882
0.937626 , 0.00157822
0.9319 , 0.00156208
0.928023 , 0.00122661
0.930703 , 0.00147835
0.927928 , 0.00107457
0.923946 , 0.00136202
0.923115 , 0.00120032
0.922746 , 0.00141844
0.92228 , 0.00135761
0.920097 , 0.000802812
0.919037 , 0.00118599
0.921564 , 0.00102338
0.9218 , 0.00100177
0.92033 , 0.0014566
0.922388 , 0.00108859
0.921478 , 0.000880146
0.920626 , 0.0011199
0.924113 , 0.00113208
0.92252 , 0.00126932
0.925428 , 0.00129638
0.924135 , 0.0010349
0.92556 , 0.000892074
0.923572 , 0.00090188
0.92598 , 0.000851487
0.926757 , 0.000956554
0.92894 , 0.00104747
0.929703 , 0.000795446
0.929408 , 0.000774194
0.930416 , 0.000867744
0.931599 , 0.000716364
0.930726 , 0.000760274
0.932906 , 0.000824372
0.932187 , 0.000711086
0.932249 , 0.000624896
0.931306 , 0.000838195
0.933981 , 0.000781201
0.935089 , 0.000792297
0.935149 , 0.000838635
0.936354 , 0.000777109
0.935367 , 0.000652847
0.935832 , 0.000660895
0.936626 , 0.00090419
0.93773 , 0.000782962
0.938893 , 0.000894408
0.938954 , 0.000826029
0.939979 , 0.00069607
0.93981 , 0.00062695
0.941119 , 0.000654141
0.941258 , 0.000559382
0.93974 , 0.000410035
0.940546 , 0.000570759
0.942949 , 0.000701756
0.941431 , 0.000681003
0.942956 , 0.000700645
0.943138 , 0.000561738
0.943997 , 0.000601154
0.945222 , 0.000586427
0.945026 , 0.000634669
0.944597 , 0.000389598
0.945291 , 0.000532677
0.946541 , 0.000580441
0.946755 , 0.000537067
0.946021 , 0.000568255
0.945958 , 0.000491076
0.94737 , 0.000596052

32
0 , 0
0 , 0
0 , 0
0 , 0
0 , 0
0 , 0
0 , 0
0 , 0
0 , 0
0 , 0
0 , 0
0 , 0
0 , 0
0.00061743 , 8.10876e-05
0.114932 , 0.00137425
0.837262 , 0.00309459
1.62283 , 0.00502748
1.82737 , 0.00583659
1.70041 , 0.00476401
1.50626 , 0.0049044
1.33777 , 0.00411715
1.21718 , 0.00367191
1.13297 , 0.00305916
1.06075 , 0.00298863
1.01541 , 0.00275226
0.989312 , 0.00171714
0.962355 , 0.00213756
0.947365 , 0.00185811
0.939028 , 0.00191742
0.935245 , 0.00158343
0.933909 , 0.00189677
0.938736 , 0.00150261
0.936574 , 0.00177225
0.936932 , 0.00197445
0.935703 , 0.00136458
0.9379 , 0.00155242
0.93207 , 0.00152197
0.927744 , 0.00122003
0.930687 , 0.00143149
0.927514 , 0.00111972
0.923642 , 0.00135341
0.923167 , 0.00116338
0.922979 , 0.00139307
0.922252 , 0.0013148
0.920354 , 0.000818701
0.919495 , 0.00123633
0.921652 , 0.000994737
0.921636 , 0.000983737
0.920414 , 0.00141287
0.922172 , 0.00107579
0.921557 , 0.000855843
0.920679 , 0.00108562
0.924004 , 0.00110148
0.922717 , 0.00124469
0.925376 , 0.00125628
0.924214 , 0.00100513
0.925411 , 0.000876472
0.923799 , 0.000902406
0.926105 , 0.000833944
0.926687 , 0.000928791
0.92905 , 0.00102015
0.92994 , 0.000806047
0.929189 , 0.000780788
0.93041 , 0.000840213
0.931362 , 0.000733024
0.930768 , 0.000737345
0.932922 , 0.00079835
0.932049 , 0.000702197
0.932445 , 0.000636147
0.93167 , 0.000889522
0.933884 , 0.000762522
0.935141 , 0.000768897
0.935222 , 0.000815288
0.936273 , 0.000756723
0.935466 , 0.000639843
0.935675 , 0.000658772
0.936664 , 0.000876292
0.93758 , 0.00077269
0.938959 , 0.000868507
0.939117 , 0.000816143
0.939827 , 0.000691044
0.93983 , 0.000607394
0.941172 , 0.000635615
0.941139 , 0.000554561
0.939896 , 0.000426484
0.940576 , 0.000553459
0.942957 , 0.000679519
0.941456 , 0.000659835
0.943108 , 0.000695117
0.943191 , 0.000546422
0.944041 , 0.000583718
0.945385 , 0.000590827
0.944881 , 0.000631415
0.944589 , 0.00037732
0.945329 , 0.00051714
0.946483 , 0.00056506
0.946889 , 0.000537085
0.946072 , 0.000552549
0.945877 , 0.000482261
0.947451 , 0.000582854

33
0 , 0
0 , 0
0 , 0
0 , 0
0 , 0
0 , 0
0 , 0
0 , 0
0 , 0
0 , 0
0 , 0
0 , 0
0 , 0
0.000612484 , 7.87475e-05
0.114686 , 0.00135444
0.837363 , 0.00300107
1.62356 , 0.00492659
1.82802 , 0.00569405
1.70144 , 0.00473084
1.5066 , 0.00476581
1.33819 , 0.0040118
1.21785 , 0.00362239
1.13351 , 0.0030129
1.06046 , 0.00291193
1.0152 , 0.00267564
0.989506 , 0.00167557
0.962338 , 0.00207183
0.947325 , 0.00180136
0.938667 , 0.00189315
0.935387 , 0.00154123
0.933949 , 0.00183882
0.93888 , 0.00146346
0.93664 , 0.00171896
0.937287 , 0.0019464
0.935786 , 0.00132519
0.938053 , 0.00151246
0.932221 , 0.0014828
0.92819 , 0.00126373
0.93029 , 0.0014431
0.927844 , 0.00113419
0.923925 , 0.00134209
0.923353 , 0.00114283
0.923066 , 0.00135295
0.922265 , 0.00127441
0.920443 , 0.000798502
0.91961 , 0.0012038
0.921531 , 0.000971694
0.921406 , 0.000980904
0.920682 , 0.00139522
0.922417 , 0.0010709
0.921816 , 0.00086898
0.920709 , 0.00105265
0.923793 , 0.00108823
0.922547 , 0.00121829
0.925275 , 0.00122182
0.924075 , 0.000984066
0.925675 , 0.000889356
0.923799 , 0.000874633
0.92598 , 0.000817989
0.926645 , 0.000901195
0.928913 , 0.000998229
0.929892 , 0.00078275
0.929056 , 0.000768398
0.930123 , 0.000863421
0.931259 , 0.0007179
0.930959 , 0.000739664
0.932766 , 0.000789239
0.931748 , 0.000744106
0.932595 , 0.000634459
0.931778 , 0.000868903
0.933875 , 0.000739111
0.935378 , 0.000782135
0.935516 , 0.000842995
0.936045 , 0.000768204
0.935422 , 0.000621746
0.935688 , 0.000638623
0.936677 , 0.000849425
0.93745 , 0.000760231
0.93879 , 0.000858448
0.939126 , 0.000791076
0.939869 , 0.000671091
0.939823 , 0.000588749
0.941229 , 0.00061863
0.941079 , 0.000540865
0.939943 , 0.000416057
0.940715 , 0.000554187
0.942819 , 0.000672858
0.941577 , 0.000650976
0.943221 , 0.000683147
0.943126 , 0.000533522
0.944046 , 0.000565774
0.945429 , 0.000574308
0.944986 , 0.000620895
0.944652 , 0.000371069
0.945193 , 0.000519197
0.946428 , 0.000550414
0.946832 , 0.000523691
0.94625 , 0.000564564
0.945846 , 0.000468455
0.947545 , 0.000572721

34
0 , 0
0 , 0
0 , 0
0 , 0
0 , 0
0 , 0
0 , 0
0 , 0
0 , 0
0 , 0
0 , 0
0 , 0
0 , 0
0.000627867 , 7.79296e-05
0.114632 , 0.00131513
0.837343 , 0.00291153
1.62287 , 0.00482909
1.82819 , 0.00552671
1.70006 , 0.00479133
1.50621 , 0.00463986
1.33681 , 0.0041294
1.21769 , 0.00351791
1.13363 , 0.00292546
1.06006 , 0.00285233
1.01461 , 0.00266269
0.989803 , 0.0016525
0.962279 , 0.00201084
0.947041 , 0.00177053
0.93845 , 0.00184943
0.936096 , 0.00165491
0.933816 , 0.00178887
0.938484 , 0.00147374
0.936208 , 0.00172264
0.937078 , 0.00189986
0.936021 , 0.00130709
0.937698 , 0.00150973
0.932092 , 0.0014443
0.928353 , 0.00123685
0.930419 , 0.00140598
0.927517 , 0.00114772
0.924131 , 0.00131817
0.923507 , 0.00111935
0.923035 , 0.00131291
0.922239 , 0.00123663
0.920401 , 0.000775812
0.92002 , 0.00123774
0.921489 , 0.000943599
0.921265 , 0.000961984
0.920852 , 0.00136425
0.922398 , 0.00103909
0.921676 , 0.000854595
0.920708 , 0.00102122
0.923347 , 0.00114612
0.922278 , 0.00121211
0.925371 , 0.00118924
0.924138 , 0.000956753
0.9257 , 0.000863177
0.923837 , 0.000849365
0.926025 , 0.000794833
0.927004 , 0.00094521
0.928687 , 0.000994374
0.92978 , 0.000767511
0.929139 , 0.000750015
0.929949 , 0.0008555
0.931267 , 0.00069651
0.930986 , 0.000718112
0.932601 , 0.000783347
0.932134 , 0.000818699
0.932506 , 0.000621893
0.931881 , 0.000849274
0.933784 , 0.00072284
0.935167 , 0.000787729
0.935526 , 0.00081789
0.936174 , 0.000756362
0.935394 , 0.000603826
0.935655 , 0.000620431
0.936812 , 0.000834981
0.937448 , 0.000737534
0.938678 , 0.000840299
0.938936 , 0.000790672
0.939944 , 0.000655347
0.939712 , 0.000581813
0.941092 , 0.000615522
0.941079 , 0.000524716
0.940024 , 0.000411597
0.940673 , 0.00053931
0.942757 , 0.000655688
0.941547 , 0.000632265
0.943179 , 0.000664051
0.94324 , 0.000529986
0.944072 , 0.000549506
0.94548 , 0.000559511
0.945048 , 0.000605483
0.9446 , 0.000363688
0.945131 , 0.000507512
0.94643 , 0.000533984
0.946884 , 0.000510764
0.946265 , 0.000547912
0.945769 , 0.000460971
0.94768 , 0.000571707

35
0 , 0
0 , 0
0 , 0
0 , 0
0 , 0
0 , 0
0 , 0
0 , 0
0 , 0
0 , 0
0 , 0
0 , 0
0 , 0
0.000648859 , 7.85282e-05
0.114695 , 0.00127856
0.836164 , 0.0030632
1.62323 , 0.00470327
1.82805 , 0.00536814
1.69961 , 0.00467497
1.50597 , 0.00451202
1.33697 , 0.00401308
1.21746 , 0.0034239
1.13415 , 0.00288683
1.05979 , 0.00278283
1.01468 , 0.00258667
0.989359 , 0.00166473
0.96251 , 0.00196609
0.946859 , 0.00172881
0.939127 , 0.00191913
0.935297 , 0.00179461
0.933636 , 0.00174632
0.937766 , 0.00160131
0.935993 , 0.0016864
0.937392 , 0.00187145
0.936384 , 0.00132006
0.937163 , 0.00156043
0.932044 , 0.00140325
0.92855 , 0.00121705
0.930479 , 0.00136651
0.92768 , 0.00112631
0.924101 , 0.00128029
0.923311 , 0.00110443
0.922775 , 0.00130117
0.922146 , 0.00120438
0.919991 , 0.00085757
0.919925 , 0.00120561
0.921526 , 0.00091699
0.921116 , 0.000945959
0.921049 , 0.00133931
0.922438 , 0.00100972
0.921555 , 0.000838643
0.920671 , 0.000992323
0.92314 , 0.00113197
0.922112 , 0.00118861
0.925257 , 0.00116042
0.923997 , 0.000939537
0.925919 , 0.000866294
0.923742 , 0.000830203
0.926229 , 0.000798454
0.926951 , 0.000919358
0.928693 , 0.000965559
0.929737 , 0.00074651
0.929246 , 0.000736157
0.930031 , 0.000834747
0.93108 , 0.000701745
0.931044 , 0.000699664
0.932759 , 0.000776952
0.932185 , 0.000796596
0.932483 , 0.000604296
0.931976 , 0.000830143
0.933887 , 0.000709464
0.934976 , 0.000788266
0.935441 , 0.000798711
0.936043 , 0.000745895
0.935348 , 0.000588145
0.935755 , 0.00061065
0.936578 , 0.000843857
0.937261 , 0.00074018
0.938682 , 0.000815947
0.938953 , 0.000767952
0.939883 , 0.000639211
0.939849 , 0.000581187
0.941076 , 0.000597884
0.941134 , 0.000512458
0.939939 , 0.000408588
0.940762 , 0.00053114
0.942856 , 0.000644393
0.941725 , 0.000639216
0.943189 , 0.00064487
0.943302 , 0.000518318
0.94399 , 0.000539883
0.945355 , 0.000557423
0.945065 , 0.000588177
0.944463 , 0.00037885
0.945131 , 0.000492798
0.946563 , 0.000535284
0.946882 , 0.000495959
0.94621 , 0.000534836
0.945783 , 0.000447817
0.94768 , 0.000555132

36
0 , 0
0 , 0
0 , 0
0 , 0
0 , 0
0 , 0
0 , 0
0 , 0
0 , 0
0 , 0
0 , 0
0 , 0
0 , 0
0.000630835 , 7.84152e-05
0.114688 , 0.00124256
0.837005 , 0.00309347
1.6245 , 0.00474399
1.8309 , 0.0059417
1.69945 , 0.00454591
1.5054 , 0.00442173
1.33746 , 0.00393119
1.21779 , 0.00334387
1.13385 , 0.00282118
1.05969 , 0.00270643
1.01501 , 0.00253485
0.989562 , 0.00163047
0.96233 , 0.00191915
0.947248 , 0.00172456
0.939184 , 0.00186594
0.935046 , 0.00176194
0.933875 , 0.00171386
0.938277 , 0.00163807
0.935792 , 0.00165121
0.937391 , 0.00181872
0.936685 , 0.00131763
0.936977 , 0.00152782
0.932051 , 0.00136373
0.928363 , 0.00119745
0.930409 , 0.00132984
0.927326 , 0.00115038
0.924391 , 0.00127741
0.923393 , 0.00107641
0.922727 , 0.00126541
0.92263 , 0.00126659
0.919873 , 0.00084179
0.919743 , 0.00118568
0.921312 , 0.0009166
0.920929 , 0.000937979
0.921152 , 0.00130566
0.92242 , 0.000981426
0.921501 , 0.000816808
0.920783 , 0.000970896
0.922931 , 0.0011198
0.921966 , 0.00116435
0.925379 , 0.00113438
0.924034 , 0.000913788
0.925834 , 0.00084622
0.923895 , 0.000821114
0.926114 , 0.000784481
0.926999 , 0.000894775
0.928609 , 0.000942037
0.929582 , 0.000741869
0.929324 , 0.000719596
0.929848 , 0.000831664
0.930981 , 0.000689019
0.931031 , 0.000680073
0.932506 , 0.00079632
0.932169 , 0.000774329
0.932665 , 0.000614869
0.93188 , 0.000812541
0.933898 , 0.000689552
0.93497 , 0.000766085
0.935137 , 0.000833806
0.936068 , 0.000725288
0.935301 , 0.000573489
0.935669 , 0.00059968
0.936579 , 0.000820083
0.937185 , 0.000723322
0.938859 , 0.00081235
0.938849 , 0.000753537
0.939843 , 0.000622484
0.939824 , 0.00056536
0.941071 , 0.000581067
0.941253 , 0.000512011
0.939872 , 0.000402662
0.940684 , 0.000521913
0.942619 , 0.000669694
0.941843 , 0.000632234
0.94315 , 0.000627896
0.943497 , 0.000540042
0.943934 , 0.000527645
0.945335 , 0.000542074
0.944983 , 0.000577409
0.94444 , 0.000368873
0.945283 , 0.000502537
0.946401 , 0.000544689
0.946721 , 0.000508373
0.946353 , 0.000538941
0.945784 , 0.000435203
0.947582 , 0.000548299

37
0 , 0
0 , 0
0 , 0
0 , 0
0 , 0
0 , 0
0 , 0
0 , 0
0 , 0
0 , 0
0 , 0
0 , 0
0 , 0
0.000632199 , 7.62787e-05
0.114768 , 0.00121115
0.836795 , 0.00301607
1.62384 , 0.00466094
1.83135 , 0.00579655
1.69851 , 0.00452019
1.50534 , 0.00430099
1.33738 , 0.00382443
1.21685 , 0.0033859
1.13405 , 0.0027512
1.05984 , 0.0026366
1.01471 , 0.0024834
0.988862 , 0.00173327
0.962367 , 0.00186692
0.94706 , 0.00168779
0.939489 , 0.00184024
0.934988 , 0.00171466
0.933182 , 0.00180513
0.937882 , 0.00164155
0.935641 , 0.00161302
0.937031 , 0.0018052
0.936359 , 0.00132225
0.936447 , 0.00157777
0.931993 , 0.00132764
0.928408 , 0.00116548
0.929951 , 0.0013721
0.927109 , 0.00113979
0.924187 , 0.00125892
0.923212 , 0.00106254
0.922549 , 0.00124349
0.922658 , 0.00123219
0.919726 , 0.000831793
0.919819 , 0.00115567
0.921081 , 0.000920793
0.920858 , 0.000915066
0.92122 , 0.0012717
0.922554 , 0.000963865
0.921456 , 0.000795685
0.920647 , 0.000954016
0.922684 , 0.00111679
0.922076 , 0.00113783
0.925119 , 0.00113352
0.923956 , 0.000892132
0.925855 , 0.000823306
0.923836 , 0.00080079
0.926111 , 0.000762991
0.927197 , 0.000892509
0.928336 , 0.000956084
0.929541 , 0.000722683
0.929427 , 0.000707526
0.929628 , 0.000838282
0.931009 , 0.000670714
0.931069 , 0.000662529
0.932408 , 0.000780696
0.932115 , 0.000755029
0.932596 , 0.000601986
0.931946 , 0.000793073
0.933938 , 0.000671885
0.934873 , 0.000751392
0.935224 , 0.000815634
0.936274 , 0.00073494
0.935591 , 0.00062863
0.93563 , 0.000584491
0.936709 , 0.000808198
0.937289 , 0.000711102
0.938796 , 0.000792562
0.938953 , 0.000740212
0.939817 , 0.000605978
0.939781 , 0.00055153
0.941131 , 0.000568395
0.941284 , 0.000498991
0.939895 , 0.000392299
0.940669 , 0.000507851
0.942548 , 0.0006552
0.941928 , 0.000620866
0.943203 , 0.000613007
0.943554 , 0.000528345
0.943968 , 0.000514333
0.945427 , 0.000535061
0.945015 , 0.000562503
0.944476 , 0.000360565
0.945298 , 0.00048898
0.946239 , 0.000554088
0.94659 , 0.000511391
0.946355 , 0.000524175
0.945723 , 0.000427658
0.94765 , 0.000537618

38
0 , 0
0 , 0
0 , 0
0 , 0
0 , 0
0 , 0
0 , 0
0 , 0
0 , 0
0 , 0
0 , 0
0 , 0
0 , 0
0.000639468 , 7.45991e-05
0.114896 , 0.00118582
0.837064 , 0.00294795
1.62402 , 0.00454005
1.8331 , 0.00590831
1.69857 , 0.00440008
1.5051 , 0.00419281
1.33768 , 0.00373438
1.21677 , 0.00329647
1.13255 , 0.0030689
1.05981 , 0.00256644
1.01463 , 0.00241864
0.988306 , 0.00177645
0.962759 , 0.00185894
0.946899 , 0.0016507
0.939515 , 0.00179135
0.935287 , 0.00169553
0.933558 , 0.00179671
0.938174 , 0.00162424
0.936019 , 0.00161496
0.936896 , 0.00176223
0.936061 , 0.00132122
0.936748 , 0.00156497
0.932358 , 0.00134262
0.928442 , 0.00113492
0.929898 , 0.00133656
0.926997 , 0.001115
0.924163 , 0.0012256
0.922979 , 0.00106005
0.922322 , 0.00123143
0.922739 , 0.0012021
0.919708 , 0.000809814
0.919705 , 0.00113063
0.921118 , 0.000896968
0.92098 , 0.000898934
0.92148 , 0.00126466
0.922314 , 0.000968467
0.921694 , 0.000810195
0.920726 , 0.000931928
0.922696 , 0.00108708
0.922256 , 0.00112206
0.924978 , 0.00111227
0.923952 , 0.000868347
0.925824 , 0.00080195
0.92371 , 0.000789433
0.926228 , 0.000751883
0.927131 , 0.000871211
0.928227 , 0.000936922
0.929568 , 0.000703901
0.929728 , 0.000751403
0.929559 , 0.000818884
0.930814 , 0.00068138
0.930977 , 0.000651339
0.932364 , 0.000761131
0.932092 , 0.000735261
0.932845 , 0.000636664
0.931918 , 0.000772427
0.933883 , 0.000656295
0.934784 , 0.000736722
0.935129 , 0.000799593
0.936159 , 0.000724572
0.935657 , 0.000615419
0.935726 , 0.000576888
0.936552 , 0.000802313
0.937216 , 0.000695892
0.938829 , 0.000772098
0.939011 , 0.000722763
0.939796 , 0.000590201
0.939692 , 0.000544206
0.941068 , 0.000556854
0.941323 , 0.000487207
0.94003 , 0.000405056
0.940695 , 0.000495016
0.942507 , 0.000639055
0.942098 , 0.000627581
0.943266 , 0.000599908
0.943447 , 0.000525149
0.943875 , 0.000509279
0.945457 , 0.00052166
0.945101 , 0.000554249
0.944433 , 0.000353582
0.94537 , 0.000481469
0.946136 , 0.00054904
0.946546 , 0.000499723
0.946313 , 0.000511888
0.945615 , 0.000430151
0.947649 , 0.00052328

39
0 , 0
0 , 0
0 , 0
0 , 0
0 , 0
0 , 0
0 , 0
0 , 0
0 , 0
0 , 0
0 , 0
0 , 0
0 , 0
0.000652187 , 7.37659e-05
0.114761 , 0.00116289
0.837178 , 0.00287362
1.62399 , 0.0044222
1.83222 , 0.00582206
1.69858 , 0.00428578
1.50477 , 0.00409778
1.33685 , 0.00373039
1.21613 , 0.0032739
1.13207 , 0.00302717
1.05983 , 0.00249988
1.0154 , 0.00248054
0.987882 , 0.00178156
0.963001 , 0.00182685
0.946569 , 0.00164135
0.940035 , 0.00182063
0.9352 , 0.00165378
0.933841 , 0.00177285
0.938143 , 0.00158234
0.935872 , 0.00157993
0.936952 , 0.00171737
0.936332 , 0.00131515
0.937024 , 0.00154908
0.932262 , 0.0013112
0.928236 , 0.00112458
0.929623 , 0.0013305
0.926993 , 0.00108604
0.923987 , 0.00120669
0.92281 , 0.00104625
0.922568 , 0.00122442
0.92286 , 0.00117707
0.919631 , 0.000792513
0.919646 , 0.00110282
0.921141 , 0.000873971
0.92103 , 0.000877027
0.922011 , 0.00134153
0.922203 , 0.000949808
0.921965 , 0.000834529
0.920739 , 0.000907809
0.922728 , 0.0010593
0.922231 , 0.00109322
0.924971 , 0.0010834
0.923904 , 0.000847165
0.925647 , 0.000800853
0.923725 , 0.000769066
0.926089 , 0.000745412
0.927171 , 0.000849479
0.928313 , 0.000916554
0.9294 , 0.000705808
0.929645 , 0.000736592
0.9296 , 0.000798697
0.930953 , 0.000678053
0.930835 , 0.000650167
0.93236 , 0.000741371
0.931875 , 0.000748093
0.932711 , 0.000634493
0.931961 , 0.000753588
0.933823 , 0.000642043
0.934757 , 0.0007181
0.935243 , 0.000787151
0.935989 , 0.00072577
0.935635 , 0.000599826
0.935686 , 0.00056332
0.936649 , 0.000787542
0.937357 , 0.000692317
0.938836 , 0.00075208
0.9391 , 0.00070958
0.939585 , 0.000612524
0.939526 , 0.000555352
0.940981 , 0.000549258
0.941311 , 0.000474704
0.940228 , 0.00044118
0.940719 , 0.000482746
0.942372 , 0.000636897
0.942038 , 0.000614148
0.943089 , 0.000610387
0.943466 , 0.000511849
0.943943 , 0.000500659
0.945408 , 0.000510426
0.945037 , 0.000543623
0.944405 , 0.000345519
0.945478 , 0.000481195
0.946129 , 0.000534828
0.946579 , 0.000487864
0.946324 , 0.000498718
0.94561 , 0.000419007
0.947751 , 0.000519624

40
0 , 0
0 , 0
0 , 0
0 , 0
0 , 0
0 , 0
0 , 0
0 , 0
0 , 0
0 , 0
0 , 0
0 , 0
0 , 0
0.000658592 , 7.21829e-05
0.114728 , 0.00113393
0.837794 , 0.00286779
1.62395 , 0.00431041
1.83111 , 0.00578302
1.69795 , 0.00422505
1.505 , 0.00400108
1.33749 , 0.00369168
1.21601 , 0.00319338
1.13135 , 0.00303768
1.05972 , 0.00243904
1.01546 , 0.0024183
0.987755 , 0.0017411
0.962862 , 0.001786
0.946713 , 0.00160628
0.93983 , 0.00178641
0.934983 , 0.0016265
0.933547 , 0.00175276
0.938064 , 0.00154431
0.936201 , 0.00157481
0.936683 , 0.0016954
0.936297 , 0.00128231
0.937024 , 0.00150986
0.932209 , 0.00127913
0.92785 , 0.00116182
0.929322 , 0.00133126
0.926699 , 0.00109867
0.923938 , 0.00117714
0.922933 , 0.00102713
0.922447 , 0.00119962
0.922931 , 0.00114947
0.919783 , 0.000787308
0.919599 , 0.00107591
0.921035 , 0.00085837
0.921097 , 0.000857466
0.922129 , 0.00131288
0.922331 , 0.00093459
0.921848 , 0.000821751
0.920559 , 0.000903017
0.922911 , 0.00104858
0.922334 , 0.00107056
0.924893 , 0.00105889
0.923984 , 0.000829582
0.925377 , 0.000826061
0.923859 , 0.00076139
0.926062 , 0.000727034
0.927206 , 0.000828739
0.928364 , 0.000894837
0.929357 , 0.000689311
0.929694 , 0.00071965
0.929611 , 0.000778555
0.930999 , 0.000662473
0.931005 , 0.000655966
0.932269 , 0.000728226
0.931927 , 0.000730977
0.932778 , 0.000622085
0.931995 , 0.000735264
0.933779 , 0.000627307
0.934905 , 0.000715527
0.93536 , 0.00077607
0.936049 , 0.000709882
0.935407 , 0.000627411
0.935669 , 0.000549322
0.936806 , 0.000783525
0.937493 , 0.000688243
0.938913 , 0.000737008
0.938994 , 0.000699589
0.939691 , 0.00060643
0.939748 , 0.000585228
0.941072 , 0.000542975
0.941373 , 0.000466877
0.940192 , 0.000431499
0.94077 , 0.000473299
0.942152 , 0.000658523
0.942055 , 0.000598827
0.943156 , 0.000598722
0.943288 , 0.000529566
0.943813 , 0.000504879
0.945388 , 0.000497914
0.945014 , 0.000530357
0.94449 , 0.000347155
0.94546 , 0.00046938
0.946223 , 0.000529852
0.94659 , 0.000475645
0.946295 , 0.000486978
0.945627 , 0.000408748
0.947704 , 0.000508627

41
0 , 0
0 , 0
0 , 0
0 , 0
0 , 0
0 , 0
0 , 0
0 , 0
0 , 0
0 , 0
0 , 0
0 , 0
0 , 0
0.000642529 , 7.22097e-05
0.114633 , 0.00111
0.838106 , 0.00281433
1.62371 , 0.0042108
1.83038 , 0.00568738
1.69805 , 0.00412201
1.50555 , 0.00394022
1.33764 , 0.00360354
1.21624 , 0.00312281
1.13172 , 0.0029863
1.0599 , 0.00238533
1.01543 , 0.00235877
0.987417 , 0.00173129
0.963579 , 0.00188358
0.946985 , 0.00159001
0.939605 , 0.00175667
0.935181 , 0.00159868
0.933729 , 0.00171912
0.938217 , 0.00151398
0.936129 , 0.00153762
0.936622 , 0.00165464
0.936283 , 0.00125072
0.937064 , 0.00147311
0.932161 , 0.00124844
0.928012 , 0.00114461
0.929175 , 0.00130673
0.926513 , 0.00108762
0.923753 , 0.00116287
0.922817 , 0.00100838
0.922294 , 0.00117993
0.92308 , 0.0011309
0.92 , 0.000797901
0.91956 , 0.00105009
0.921093 , 0.000839215
0.920959 , 0.000847612
0.921944 , 0.00129372
0.922251 , 0.000915044
0.922055 , 0.000827544
0.920515 , 0.000881821
0.922893 , 0.00102285
0.92226 , 0.00104676
0.924942 , 0.00103392
0.923917 , 0.000811883
0.925543 , 0.000822755
0.923799 , 0.000744968
0.926141 , 0.000713448
0.927185 , 0.000808544
0.928361 , 0.000872745
0.929313 , 0.000673665
0.929452 , 0.000742567
0.929646 , 0.000760102
0.931098 , 0.000653653
0.930781 , 0.000677815
0.932342 , 0.000713977
0.931809 , 0.000722698
0.932664 , 0.000617345
0.931806 , 0.000741614
0.933641 , 0.000627299
0.934966 , 0.000700523
0.935122 , 0.000793241
0.935975 , 0.000696301
0.935589 , 0.000638262
0.935631 , 0.000537115
0.936741 , 0.000766992
0.937488 , 0.000671267
0.938973 , 0.000721371
0.938914 , 0.000687028
0.939692 , 0.000591456
0.93982 , 0.000575258
0.940968 , 0.000539629
0.94143 , 0.000458859
0.940166 , 0.00042165
0.940811 , 0.000463355
0.942159 , 0.000642291
0.942199 , 0.000601619
0.943129 , 0.000584593
0.943159 , 0.000532521
0.943866 , 0.000495279
0.945237 , 0.000508412
0.945189 , 0.00054593
0.944601 , 0.000356437
0.945405 , 0.00046098
0.946248 , 0.000517339
0.946459 , 0.000482034
0.946163 , 0.000492855
0.945683 , 0.000402591
0.947823 , 0.000510272

42
0 , 0
0 , 0
0 , 0
0 , 0
0 , 0
0 , 0
0 , 0
0 , 0
0 , 0
0 , 0
0 , 0
0 , 0
0 , 0
0.000643452 , 7.04755e-05
0.114652 , 0.00108342
0.838102 , 0.00274651
1.62395 , 0.00411602
1.83096 , 0.00558072
1.69694 , 0.0041739
1.50559 , 0.00384552
1.33789 , 0.00352584
1.2172 , 0.00319588
1.13146 , 0.00292627
1.06021 , 0.00234785
1.01543 , 0.00230192
0.987673 , 0.00170885
0.963052 , 0.00191219
0.946734 , 0.00157175
0.939657 , 0.00171512
0.935359 , 0.00157031
0.933816 , 0.00167994
0.938312 , 0.00148057
0.936782 , 0.00163641
0.936594 , 0.00161501
0.936132 , 0.00122983
0.93662 , 0.00150472
0.93229 , 0.0012251
0.928054 , 0.0011178
0.928855 , 0.00131465
0.926485 , 0.00106178
0.923618 , 0.00114286
0.922811 , 0.000984098
0.922396 , 0.00115605
0.923123 , 0.00110448
0.919871 , 0.000789254
0.919538 , 0.00102501
0.920979 , 0.000827021
0.92067 , 0.000876396
0.922122 , 0.00127498
0.922306 , 0.000894701
0.921956 , 0.000813623
0.920344 , 0.000877298
0.922848 , 0.000999181
0.922311 , 0.0010228
0.925185 , 0.00103785
0.923633 , 0.000841457
0.925576 , 0.000803582
0.923737 , 0.0007297
0.926103 , 0.000697319
0.927207 , 0.000789364
0.92826 , 0.000857643
0.929518 , 0.000688622
0.92958 , 0.000735891
0.929744 , 0.000748239
0.931097 , 0.000637901
0.930875 , 0.000668197
0.93222 , 0.00070745
0.93185 , 0.000706508
0.932698 , 0.000603376
0.931966 , 0.000741334
0.933496 , 0.000629067
0.934739 , 0.000720462
0.935228 , 0.000781343
0.935847 , 0.000691424
0.935619 , 0.000623595
0.935743 , 0.000535925
0.936692 , 0.000750098
0.937631 , 0.000670635
0.93884 , 0.000716558
0.938891 , 0.000670876
0.93974 , 0.000579149
0.93983 , 0.000561479
0.94081 , 0.00054985
0.941513 , 0.000455415
0.940094 , 0.000417751
0.940868 , 0.0004558
0.942058 , 0.000634768
0.942136 , 0.000590492
0.943167 , 0.000571772
0.943125 , 0.000520785
0.943912 , 0.000485482
0.945066 , 0.000525044
0.945168 , 0.000533176
0.94452 , 0.000357119
0.945555 , 0.000474198
0.946273 , 0.000505479
0.94646 , 0.000470417
0.946143 , 0.000481397
0.945587 , 0.00040445
0.947742 , 0.000504643

43
0 , 0
0 , 0
0 , 0
0 , 0
0 , 0
0 , 0
0 , 0
0 , 0
0 , 0
0 , 0
0 , 0
0 , 0
0 , 0
0.000676021 , 7.61347e-05
0.114815 , 0.00107038
0.837792 , 0.00269978
1.62315 , 0.00409792
1.8306 , 0.00546082
1.6964 , 0.00411159
1.50444 , 0.0039285
1.33771 , 0.00344753
1.21731 , 0.00312265
1.13135 , 0.00285953
1.05971 , 0.0023446
1.01537 , 0.00224862
0.987115 , 0.00175949
0.962519 , 0.00194193
0.946827 , 0.00153754
0.939745 , 0.00167705
0.935025 , 0.0015693
0.933067 , 0.00180313
0.938205 , 0.00144968
0.936687 , 0.00160073
0.936527 , 0.00157846
0.936451 , 0.00124241
0.936691 , 0.00147102
0.932206 , 0.00119921
0.928472 , 0.00116876
0.92883 , 0.00128396
0.926309 , 0.00105157
0.92368 , 0.0011177
0.92241 , 0.00104147
0.922263 , 0.00113665
0.923057 , 0.00108049
0.919896 , 0.00077109
0.919615 , 0.00100382
0.920973 , 0.000807577
0.920738 , 0.00085846
0.922023 , 0.00124893
0.92229 , 0.000873787
0.921832 , 0.000804047
0.920463 , 0.00086482
0.922955 , 0.000981498
0.922451 , 0.00100847
0.925085 , 0.00101834
0.923778 , 0.000834256
0.925505 , 0.000787882
0.923721 , 0.000712689
0.926028 , 0.000684977
0.92718 , 0.000771263
0.928172 , 0.000842058
0.929326 , 0.000699324
0.929527 , 0.000720553
0.929763 , 0.000730877
0.931184 , 0.000628927
0.930833 , 0.000653819
0.932108 , 0.000699763
0.931642 , 0.000720665
0.932675 , 0.000589619
0.931987 , 0.000724186
0.933501 , 0.000614283
0.934702 , 0.000704458
0.935275 , 0.000764407
0.935861 , 0.000675303
0.935605 , 0.000609067
0.935789 , 0.000525369
0.936674 , 0.000732666
0.937627 , 0.000654869
0.938852 , 0.000699806
0.938811 , 0.000659948
0.939573 , 0.000589709
0.939753 , 0.000553647
0.940746 , 0.000540693
0.941528 , 0.000444957
0.940078 , 0.000408219
0.940964 , 0.000455285
0.942085 , 0.000620404
0.942115 , 0.000577
0.943184 , 0.000558586
0.943123 , 0.000508533
0.943952 , 0.000475754
0.945122 , 0.000515792
0.945196 , 0.000521351
0.944473 , 0.000351853
0.945588 , 0.000464153
0.946237 , 0.000494831
0.946466 , 0.000459393
0.946172 , 0.000470965
0.945562 , 0.000395727
0.947694 , 0.000495067

44
0 , 0
0 , 0
0 , 0
0 , 0
0 , 0
0 , 0
0 , 0
0 , 0
0 , 0
0 , 0
0 , 0
0 , 0
0 , 0
0.000676141 , 7.43844e-05
0.114779 , 0.00104639
0.837661 , 0.00264092
1.62232 , 0.00408924
1.83089 , 0.00534309
1.6962 , 0.00402183
1.50438 , 0.00383858
1.33793 , 0.0033755
1.2167 , 0.00311178
1.13094 , 0.00282356
1.05965 , 0.0022915
1.01521 , 0.00220225
0.987343 , 0.00173413
0.962225 , 0.00191993
0.946211 , 0.00162355
0.93992 , 0.00164787
0.935085 , 0.00153439
0.932892 , 0.0017704
0.938067 , 0.00142312
0.936926 , 0.00158216
0.936623 , 0.00154519
0.936527 , 0.00121622
0.936996 , 0.0014692
0.93208 , 0.00117832
0.928747 , 0.00117451
0.928644 , 0.00126814
0.926203 , 0.00103289
0.923525 , 0.00110302
0.922564 , 0.00102915
0.922257 , 0.00111053
0.923105 , 0.00105672
0.919966 , 0.000756593
0.919575 , 0.000981558
0.921031 , 0.000791103
0.920623 , 0.000846559
0.921843 , 0.00123335
0.922146 , 0.000865772
0.921909 , 0.000789306
0.92032 , 0.00085687
0.922945 , 0.000958983
0.922537 , 0.00098903
0.925069 , 0.000995057
0.923892 , 0.000823094
0.925395 , 0.000777517
0.923689 , 0.000697039
0.925985 , 0.000670654
0.926914 , 0.00079906
0.928177 , 0.000822713
0.929144 , 0.00070719
0.929705 , 0.000726225
0.92975 , 0.000714189
0.931145 , 0.000615705
0.930709 , 0.00065074
0.93206 , 0.000685366
0.931689 , 0.000705653
0.932559 , 0.000587553
0.931933 , 0.000709554
0.933391 , 0.000610242
0.934745 , 0.000689612
0.935363 , 0.00075198
0.935901 , 0.000660984
0.935508 , 0.000602977
0.935841 , 0.000515871
0.93653 , 0.000730187
0.937708 , 0.000645003
0.938796 , 0.000685998
0.938782 , 0.000645412
0.939512 , 0.000579368
0.939727 , 0.000541517
0.940723 , 0.000528765
0.941405 , 0.000451872
0.940127 , 0.000401802
0.941063 , 0.000455696
0.942178 , 0.000613197
0.942093 , 0.000564163
0.943222 , 0.000547061
0.943183 , 0.000500447
0.943831 , 0.000480309
0.945103 , 0.000504302
0.945183 , 0.00050953
0.944426 , 0.000347045
0.945556 , 0.000454548
0.946182 , 0.000486608
0.946457 , 0.000448921
0.94606 , 0.000473536
0.94569 , 0.000407379
0.947694 , 0.000483685

45
0 , 0
0 , 0
0 , 0
0 , 0
0 , 0
0 , 0
0 , 0
0 , 0
0 , 0
0 , 0
0 , 0
0 , 0
0 , 0
0.000691396 , 7.42956e-05
0.114754 , 0.00102318
0.837493 , 0.00258702
1.62137 , 0.00410808
1.83104 , 0.00522504
1.69732 , 0.00408785
1.5051 , 0.00381942
1.33791 , 0.00329974
1.21683 , 0.00304482
1.13125 , 0.00277749
1.06031 , 0.00233472
1.01532 , 0.00215553
0.987096 , 0.00171305
0.961747 , 0.0019367
0.946124 , 0.00158944
0.939962 , 0.00161137
0.935203 , 0.00150448
0.93304 , 0.00173693
0.937899 , 0.00140126
0.937093 , 0.00155555
0.936898 , 0.00153533
0.936794 , 0.00121859
0.937257 , 0.00145974
0.931907 , 0.00116475
0.928827 , 0.00115096
0.928638 , 0.00123966
0.926221 , 0.00100985
0.923538 , 0.00107831
0.922319 , 0.0010354
0.922311 , 0.0010869
0.922904 , 0.00105226
0.919674 , 0.000795026
0.919598 , 0.000959773
0.920832 , 0.000798448
0.920722 , 0.000833442
0.922013 , 0.00121755
0.921965 , 0.000865384
0.921913 , 0.000771576
0.92036 , 0.000838571
0.922954 , 0.000937476
0.92232 , 0.000990789
0.925061 , 0.000972731
0.923845 , 0.000805995
0.925258 , 0.000772272
0.923614 , 0.000685539
0.926209 , 0.000692898
0.926869 , 0.000782414
0.928236 , 0.000806349
0.929219 , 0.000695385
0.929751 , 0.000711369
0.929676 , 0.000702067
0.931074 , 0.00060598
0.930719 , 0.000636185
0.931907 , 0.000687328
0.931757 , 0.000693174
0.932308 , 0.000626719
0.931924 , 0.000693676
0.933354 , 0.000597619
0.934723 , 0.000674498
0.935249 , 0.000743975
0.935849 , 0.000648239
0.935503 , 0.000589445
0.935748 , 0.000512619
0.936495 , 0.000714624
0.937764 , 0.000632936
0.938825 , 0.00067118
0.938762 , 0.000631239
0.939467 , 0.000568137
0.93979 , 0.000533061
0.940666 , 0.000520074
0.941328 , 0.000448349
0.940089 , 0.000394625
0.941296 , 0.000502653
0.942248 , 0.000603496
0.942219 , 0.000565662
0.943242 , 0.000535133
0.943318 , 0.000507549
0.943841 , 0.000469626
0.945246 , 0.000513344
0.945121 , 0.000501836
0.944429 , 0.00033926
0.945715 , 0.000471612
0.946128 , 0.000478712
0.946448 , 0.000438924
0.946054 , 0.000462931
0.945757 , 0.00040377
0.947682 , 0.000472972

46
0 , 0
0 , 0
0 , 0
0 , 0
0 , 0
0 , 0
0 , 0
0 , 0
0 , 0
0 , 0
0 , 0
0 , 0
0 , 0
0.000696113 , 7.28155e-05
0.114843 , 0.00100464
0.837069 , 0.00256545
1.62163 , 0.00402631
1.83137 , 0.0051208
1.69653 , 0.00407455
1.5052 , 0.00373686
1.33819 , 0.00324013
1.2172 , 0.003001
1.13035 , 0.00286131
1.06035 , 0.00228367
1.01582 , 0.00216658
0.986776 , 0.00170585
0.961494 , 0.00191092
0.946084 , 0.001555
0.940069 , 0.00157959
0.935327 , 0.00147664
0.932846 , 0.00170982
0.93787 , 0.00137076
0.937038 , 0.00152235
0.936865 , 0.00150195
0.936754 , 0.00119247
0.936723 , 0.00152423
0.931898 , 0.00113918
0.929127 , 0.00116497
0.928422 , 0.00123144
0.926035 , 0.00100502
0.923738 , 0.00107351
0.922225 , 0.00101698
0.922404 , 0.00106703
0.922595 , 0.00107445
0.919771 , 0.000783495
0.919671 , 0.000941511
0.92072 , 0.000788803
0.920742 , 0.000815373
0.922057 , 0.0011916
0.921886 , 0.000850113
0.921696 , 0.000785236
0.920283 , 0.000823812
0.92293 , 0.000917202
0.922347 , 0.000969396
0.925054 , 0.000951371
0.923931 , 0.000792987
0.925215 , 0.000756572
0.923777 , 0.000690021
0.926256 , 0.000679272
0.926819 , 0.000766863
0.928186 , 0.00079023
0.929113 , 0.000688266
0.929622 , 0.000707571
0.929535 , 0.000700836
0.931163 , 0.000599306
0.930605 , 0.000632497
0.931872 , 0.000673108
0.931778 , 0.000678254
0.932171 , 0.000628226
0.931886 , 0.00067945
0.933435 , 0.000590074
0.934742 , 0.000659941
0.93517 , 0.00073189
0.935844 , 0.000634006
0.935387 , 0.000588094
0.935833 , 0.000508431
0.936534 , 0.000699989
0.937573 , 0.000647839
0.938744 , 0.000661347
0.938809 , 0.000619181
0.939398 , 0.000559842
0.939789 , 0.000521345
0.940656 , 0.000508728
0.94129 , 0.000440161
0.940012 , 0.00039352
0.941319 , 0.000492171
0.942323 , 0.000595001
0.942227 , 0.000553299
0.943287 , 0.000525328
0.943264 , 0.000499309
0.943802 , 0.000460957
0.945239 , 0.000502112
0.945146 , 0.000491439
0.944434 , 0.000331844
0.945609 , 0.000473195
0.946054 , 0.000474118
0.946454 , 0.000429317
0.9461 , 0.00045506
0.945728 , 0.000395968
0.947668 , 0.000462795

47
0 , 0
0 , 0
0 , 0
0 , 0
0 , 0
0 , 0
0 , 0
0 , 0
0 , 0
0 , 0
0 , 0
0 , 0
0 , 0
0.000681302 , 7.27725e-05
0.115 , 0.000995599
0.836955 , 0.00251287
1.62074 , 0.00403879
1.83134 , 0.00501073
1.69658 , 0.00398721
1.50538 , 0.00366081
1.33891 , 0.00325104
1.21729 , 0.00293786
1.1307 , 0.00282159
1.06057 , 0.00224597
1.01627 , 0.00216594
0.986719 , 0.00167013
0.961628 , 0.00187461
0.945854 , 0.00153883
0.939551 , 0.00163004
0.93557 , 0.00146515
0.933097 , 0.00169185
0.938106 , 0.00136195
0.937191 , 0.00149748
0.936676 , 0.00148181
0.936495 , 0.00119516
0.936981 , 0.00151366
0.932019 , 0.00112124
0.929407 , 0.00117359
0.928568 , 0.00121369
0.926129 , 0.00098785
0.92391 , 0.00106442
0.922332 , 0.00100086
0.922513 , 0.00104984
0.922778 , 0.00106712
0.919561 , 0.000794777
0.919738 , 0.000923755
0.920748 , 0.000772331
0.920855 , 0.000805823
0.922019 , 0.00116658
0.921955 , 0.000834758
0.921686 , 0.000768405
0.920311 , 0.000806603
0.922869 , 0.000899557
0.922482 , 0.000958065
0.924906 , 0.00094259
0.923775 , 0.000791571
0.925257 , 0.000741496
0.923785 , 0.000675226
0.92623 , 0.000665161
0.927024 , 0.000777841
0.928184 , 0.000773235
0.929194 , 0.000678293
0.929734 , 0.000701337
0.929515 , 0.000686075
0.931169 , 0.000586441
0.93043 , 0.000643254
0.93178 , 0.00066506
0.931807 , 0.000664308
0.932156 , 0.000614882
0.931801 , 0.000670271
0.933465 , 0.000578121
0.934851 , 0.000654915
0.935189 , 0.000716423
0.935777 , 0.000624019
0.93527 , 0.000587232
0.935882 , 0.000499908
0.936516 , 0.000685154
0.937532 , 0.000635188
0.938667 , 0.00065172
0.938757 , 0.000608061
0.939321 , 0.000553222
0.939768 , 0.000510548
0.940632 , 0.000498368
0.941237 , 0.000433886
0.940163 , 0.000413788
0.941148 , 0.000511122
0.942304 , 0.0005825
0.942238 , 0.000541498
0.943298 , 0.000514152
0.94324 , 0.000489158
0.943841 , 0.000452707
0.945158 , 0.000498007
0.945094 , 0.000483735
0.944505 , 0.000332429
0.945706 , 0.000473116
0.946034 , 0.000464311
0.946468 , 0.000420296
0.946155 , 0.000448678
0.945693 , 0.000388969
0.947676 , 0.000452922

48
0 , 0
0 , 0
0 , 0
0 , 0
0 , 0
0 , 0
0 , 0
0 , 0
0 , 0
0 , 0
0 , 0
0 , 0
0 , 0
0.000681302 , 7.12403e-05
0.11483 , 0.000989419
0.836374 , 0.00252759
1.6211 , 0.00397014
1.8314 , 0.00490554
1.69665 , 0.00390391
1.50585 , 0.00361514
1.338 , 0.00331061
1.21716 , 0.00287908
1.13056 , 0.00276591
1.06049 , 0.00220015
1.01614 , 0.00212412
0.986569 , 0.00164177
0.961688 , 0.00183612
0.945774 , 0.00150858
0.939492 , 0.00159679
0.935701 , 0.00144035
0.933042 , 0.00165714
0.938039 , 0.00133497
0.937067 , 0.00147121
0.936771 , 0.00145374
0.936429 , 0.00117187
0.937061 , 0.00148392
0.931971 , 0.00109869
0.929044 , 0.0012046
0.928544 , 0.00118837
0.926255 , 0.000975228
0.924008 , 0.00104657
0.922222 , 0.000985942
0.922321 , 0.00104556
0.922942 , 0.00105748
0.91966 , 0.000784368
0.919771 , 0.000904899
0.920781 , 0.000756779
0.920802 , 0.000790637
0.922139 , 0.00114821
0.921726 , 0.000848855
0.921599 , 0.000757197
0.920477 , 0.0008069
0.923032 , 0.00089572
0.922527 , 0.000938951
0.924944 , 0.000923531
0.923702 , 0.000778304
0.925244 , 0.000725991
0.923873 , 0.000666864
0.926101 , 0.000663763
0.92709 , 0.00076436
0.927873 , 0.000818418
0.92919 , 0.000664028
0.929855 , 0.000697277
0.929539 , 0.000672064
0.931274 , 0.000583743
0.93047 , 0.000631001
0.931481 , 0.00071643
0.931826 , 0.000650606
0.932238 , 0.00060751
0.931824 , 0.000656566
0.933454 , 0.000566059
0.934849 , 0.000641128
0.935149 , 0.00070249
0.935824 , 0.00061268
0.935167 , 0.000583929
0.935884 , 0.000489388
0.936539 , 0.000671123
0.937498 , 0.000622753
0.938611 , 0.000640449
0.9388 , 0.000596769
0.939308 , 0.000541723
0.939758 , 0.000499915
0.940573 , 0.000491532
0.941226 , 0.000424884
0.940212 , 0.000407919
0.941163 , 0.000500594
0.942292 , 0.000570362
0.942244 , 0.000530135
0.943247 , 0.000505922
0.943347 , 0.000490547
0.943848 , 0.000443227
0.94519 , 0.00048859
0.945077 , 0.000473847
0.944525 , 0.000326008
0.945706 , 0.000463155
0.94613 , 0.000464511
0.946526 , 0.000415619
0.946217 , 0.000443482
0.94576 , 0.000386583
0.947661 , 0.000443673

49
0 , 0
0 , 0
0 , 0
0 , 0
0 , 0
0 , 0
0 , 0
0 , 0
0 , 0
0 , 0
0 , 0
0 , 0
0 , 0
0.000685937 , 6.9925e-05
0.114818 , 0.000969092
0.836239 , 0.00247917
1.62276 , 0.00422656
1.83251 , 0.00493234
1.69657 , 0.00382425
1.50608 , 0.00354818
1.33782 , 0.00324768
1.21792 , 0.00291919
1.13066 , 0.00271078
1.06058 , 0.00215642
1.01572 , 0.00212225
0.986404 , 0.00161639
0.961944 , 0.00181641
0.94602 , 0.0014979
0.939452 , 0.00156439
0.93574 , 0.00141119
0.933146 , 0.00162626
0.937937 , 0.00131143
0.937475 , 0.00149765
0.936935 , 0.00143318
0.936678 , 0.00117445
0.936935 , 0.00145875
0.932136 , 0.00108861
0.929277 , 0.00120256
0.928446 , 0.00116804
0.926325 , 0.000957665
0.924068 , 0.00102676
0.922533 , 0.00101435
0.922309 , 0.00102407
0.922916 , 0.00103601
0.919684 , 0.00076856
0.919787 , 0.000886377
0.920621 , 0.000758122
0.920897 , 0.00078009
0.921997 , 0.00113342
0.921767 , 0.000832376
0.921594 , 0.000741604
0.920536 , 0.000792454
0.92306 , 0.000877688
0.922529 , 0.000919592
0.924684 , 0.00094122
0.923742 , 0.000763311
0.925342 , 0.000717748
0.923968 , 0.00065998
0.926028 , 0.000654126
0.927087 , 0.000748605
0.927866 , 0.000801575
0.929148 , 0.00065169
0.929922 , 0.000686096
0.929675 , 0.000672128
0.931383 , 0.000581993
0.930515 , 0.000619594
0.931571 , 0.000707457
0.93187 , 0.000638697
0.932134 , 0.000604139
0.93183 , 0.000643055
0.933397 , 0.000557299
0.934807 , 0.00062931
0.935193 , 0.00068938
0.935767 , 0.000602746
0.935238 , 0.000576245
0.935887 , 0.000479305
0.936653 , 0.000667019
0.937408 , 0.000616499
0.938667 , 0.00062978
0.9388 , 0.000584463
0.939238 , 0.000535211
0.939706 , 0.000492298
0.940688 , 0.000495007
0.941289 , 0.000420736
0.94046 , 0.000470528
0.941248 , 0.000497627
0.942296 , 0.000558615
0.942115 , 0.000535067
0.94309 , 0.000519709
0.943388 , 0.000482192
0.943668 , 0.000470009
0.945057 , 0.000496516
0.944975 , 0.000475107
0.944604 , 0.000329075
0.945886 , 0.000487934
0.946111 , 0.000455354
0.946609 , 0.000415443
0.946161 , 0.000437833
0.945769 , 0.00037871
0.947658 , 0.000434531

50
0 , 0
0 , 0
0 , 0
0 , 0
0 , 0
0 , 0
0 , 0
0 , 0
0 , 0
0 , 0
0 , 0
0 , 0
0 , 0
0.000708554 , 7.2149e-05
0.11477 , 0.000950709
0.836362 , 0.0024322
1.62346 , 0.00420007
1.83217 , 0.00484488
1.6967 , 0.003749
1.50565 , 0.00350344
1.3377 , 0.0031841
1.21794 , 0.00286031
1.13061 , 0.00265645
1.0603 , 0.00213137
1.01543 , 0.00209942
0.986635 , 0.00160049
0.962309 , 0.00181686
0.946345 , 0.00150308
0.939348 , 0.00153628
0.935757 , 0.00138278
0.933329 , 0.00160398
0.938272 , 0.00132805
0.937745 , 0.00149206
0.936706 , 0.00142275
0.936783 , 0.00115549
0.936835 , 0.00143276
0.932086 , 0.00106779
0.929256 , 0.00117846
0.928414 , 0.00114487
0.926619 , 0.000983266
0.92441 , 0.00106233
0.922374 , 0.00100644
0.922327 , 0.00100354
0.922966 , 0.00101634
0.919692 , 0.000753071
0.919848 , 0.000870639
0.920533 , 0.000748007
0.921111 , 0.000793781
0.921986 , 0.00111057
0.921679 , 0.000820331
0.921719 , 0.000737364
0.920591 , 0.000778364
0.923247 , 0.000879944
0.922445 , 0.000904883
0.924931 , 0.000954765
0.923721 , 0.00074819
0.925406 , 0.000706137
0.92391 , 0.000649248
0.926036 , 0.000640954
0.926901 , 0.000756821
0.92779 , 0.000789001
0.92918 , 0.000639349
0.93009 , 0.000692893
0.929581 , 0.000665153
0.931513 , 0.000584812
0.930418 , 0.000614646
0.931549 , 0.00069353
0.931788 , 0.000631198
0.932112 , 0.000592308
0.931831 , 0.000630063
0.933371 , 0.000546637
0.934856 , 0.000618507
0.935182 , 0.000675543
0.935614 , 0.000610099
0.935178 , 0.000567768
0.935983 , 0.000479352
0.936738 , 0.000659104
0.937437 , 0.000604702
0.938546 , 0.000628963
0.938702 , 0.000580839
0.939347 , 0.00053556
0.939748 , 0.00048413
0.940534 , 0.000508811
0.94127 , 0.000412642
0.940423 , 0.000462489
0.941255 , 0.000487615
0.942205 , 0.000554881
0.942261 , 0.000544265
0.943042 , 0.00051152
0.943309 , 0.000478987
0.943801 , 0.000479349
0.94508 , 0.000487023
0.94506 , 0.000473166
0.944646 , 0.000325137
0.945845 , 0.00047989
0.946079 , 0.000447268
0.946662 , 0.000410398
0.946164 , 0.000428997
0.94587 , 0.00038454
0.947647 , 0.0004259
