0 , 0.0004259
0 , 0.0004259
0 , 0.0004259
0 , 0.0004259
0 , 0.0004259
0 , 0.0004259
0 , 0.0004259
0 , 0.0004259
0 , 0.0004259
0 , 0.0004259
0 , 0.0004259
0 , 0.0004259
0 , 0.0004259
0.000708554 , 0.0004259
0.11477 , 0.0004259
0.836362 , 0.0004259
1.62346 , 0.0004259
1.83217 , 0.0004259
1.6967 , 0.0004259
1.50565 , 0.0004259
1.3377 , 0.0004259
1.21794 , 0.0004259
1.13061 , 0.0004259
1.0603 , 0.0004259
1.01543 , 0.0004259
0.986635 , 0.0004259
0.962309 , 0.0004259
0.946345 , 0.0004259
0.939348 , 0.0004259
0.935757 , 0.0004259
0.933329 , 0.0004259
0.938272 , 0.0004259
0.937745 , 0.0004259
0.936706 , 0.0004259
0.936783 , 0.0004259
0.936835 , 0.0004259
0.932086 , 0.0004259
0.929256 , 0.0004259
0.928414 , 0.0004259
0.926619 , 0.0004259
0.92441 , 0.0004259
0.922374 , 0.0004259
0.922327 , 0.0004259
0.922966 , 0.0004259
0.919692 , 0.0004259
0.919848 , 0.0004259
0.920533 , 0.0004259
0.921111 , 0.0004259
0.921986 , 0.0004259
0.921679 , 0.0004259
0.921719 , 0.0004259
0.920591 , 0.0004259
0.923247 , 0.0004259
0.922445 , 0.0004259
0.924931 , 0.0004259
0.923721 , 0.0004259
0.925406 , 0.0004259
0.92391 , 0.0004259
0.926036 , 0.0004259
0.926901 , 0.0004259
0.92779 , 0.0004259
0.92918 , 0.0004259
0.93009 , 0.0004259
0.929581 , 0.0004259
0.931513 , 0.0004259
0.930418 , 0.0004259
0.931549 , 0.0004259
0.931788 , 0.0004259
0.932112 , 0.0004259
0.931831 , 0.0004259
0.933371 , 0.0004259
0.934856 , 0.0004259
0.935182 , 0.0004259
0.935614 , 0.0004259
0.935178 , 0.0004259
0.935983 , 0.0004259
0.936738 , 0.0004259
0.937437 , 0.0004259
0.938546 , 0.0004259
0.938702 , 0.0004259
0.939347 , 0.0004259
0.939748 , 0.0004259
0.940534 , 0.0004259
0.94127 , 0.0004259
0.940423 , 0.0004259
0.941255 , 0.0004259
0.942205 , 0.0004259
0.942261 , 0.0004259
0.943042 , 0.0004259
0.943309 , 0.0004259
0.943801 , 0.0004259
0.94508 , 0.0004259
0.94506 , 0.0004259
0.944646 , 0.0004259
0.945845 , 0.0004259
0.946079 , 0.0004259
0.946662 , 0.0004259
0.946164 , 0.0004259
0.94587 , 0.0004259
0.947647 , 0.0004259
