1 , 0.0492462 , 0.0492462 , 0
2 , 0.0492581 , 0.0492522 , 5.96374e-06
3 , 0.0491952 , 0.0492332 , 1.92922e-05
4 , 0.0488478 , 0.0491368 , 9.73113e-05
5 , 0.0485046 , 0.0490104 , 0.0001472
6 , 0.0490751 , 0.0490212 , 0.000120671
7 , 0.0488104 , 0.0489911 , 0.000106337
8 , 0.0493433 , 0.0490351 , 0.000102075
9 , 0.0493923 , 0.0490748 , 9.83823e-05
10 , 0.0494739 , 0.0491147 , 9.66235e-05
11 , 0.0490748 , 0.0491111 , 8.74746e-05
12 , 0.0491312 , 0.0491127 , 7.98707e-05
13 , 0.0492859 , 0.0491261 , 7.46681e-05
14 , 0.0490089 , 0.0491177 , 6.96341e-05
15 , 0.0491016 , 0.0491166 , 6.48347e-05
16 , 0.0491288 , 0.0491174 , 6.0652e-05
17 , 0.0489814 , 0.0491094 , 5.75314e-05
18 , 0.0496082 , 0.0491371 , 6.09113e-05
19 , 0.0489568 , 0.0491276 , 5.83923e-05
20 , 0.0491128 , 0.0491269 , 5.54008e-05
21 , 0.0489484 , 0.0491184 , 5.33777e-05
22 , 0.0489172 , 0.0491092 , 5.17085e-05
23 , 0.0491762 , 0.0491121 , 4.9495e-05
24 , 0.0486779 , 0.049094 , 5.0724e-05
25 , 0.0486632 , 0.0490768 , 5.16151e-05
26 , 0.0491034 , 0.0490778 , 4.96007e-05
27 , 0.0485779 , 0.0490593 , 5.11941e-05
28 , 0.0487053 , 0.0490467 , 5.09262e-05
29 , 0.0487317 , 0.0490358 , 5.03251e-05
30 , 0.0490351 , 0.0490358 , 4.86187e-05
31 , 0.0488289 , 0.0490291 , 4.74953e-05
32 , 0.0487567 , 0.0490206 , 4.67686e-05
33 , 0.0488141 , 0.0490143 , 4.5759e-05
34 , 0.0492922 , 0.0490225 , 4.51388e-05
35 , 0.0487687 , 0.0490153 , 4.44262e-05
36 , 0.0493373 , 0.0490242 , 4.40914e-05
37 , 0.0493178 , 0.0490321 , 4.36109e-05
38 , 0.0493195 , 0.0490397 , 4.31162e-05
39 , 0.0492279 , 0.0490445 , 4.22724e-05
40 , 0.0493537 , 0.0490523 , 4.19209e-05
41 , 0.0489308 , 0.0490493 , 4.09928e-05
42 , 0.0490394 , 0.0490491 , 4.00055e-05
43 , 0.0492695 , 0.0490542 , 3.93991e-05
44 , 0.0489873 , 0.0490527 , 3.85233e-05
45 , 0.0486086 , 0.0490428 , 3.89289e-05
46 , 0.0491086 , 0.0490442 , 3.81001e-05
47 , 0.0487737 , 0.0490385 , 3.77224e-05
48 , 0.0488369 , 0.0490343 , 3.71662e-05
49 , 0.0490523 , 0.0490346 , 3.64017e-05
50 , 0.0490995 , 0.0490359 , 3.56898e-05
