3.2
3.39829
3.75811
4.21904
4.77872
5.41226
6.07742
6.73611
7.34594
7.86435
8.25966
8.50346
8.59753
8.55641
8.40231
8.17574
7.91287
7.64652
7.39356
7.1774
7.0106
6.88881
6.80686
6.77068
6.77079
6.79772
6.83586
6.87557
6.90818
6.93176
6.9387
6.93214
6.90549
6.86453
6.81044
6.74296
6.66929
6.59369
6.52428
6.46027
6.40167
6.35662
6.32165
6.29921
6.29991
6.31746
6.3537
6.40458
6.46545
6.5318
6.65632
6.84684
7.08172
7.33619
7.59337
7.82553
8.02827
8.19045
8.2993
8.37195
8.39701
8.39301
8.35825
8.31709
8.27877
8.246
8.22199
8.21269
8.21951
8.24531
8.28674
8.34851
8.43592
8.53206
8.62407
8.70068
8.74554
8.74682
8.69998
8.61746
8.50593
8.39359
8.28539
8.19215
8.11178
8.04237
7.98753
7.93872
7.89721
7.87314
7.86625
7.88527
7.92541
7.9822
8.04331
8.11732
8.19641
8.28063
8.38417
8.48624
8.62084
8.79306
8.98061
9.16835
9.32686
9.44972
9.52417
9.55295
9.53879
9.49293
9.42238
9.34183
9.2557
9.17877
9.10173
9.04054
9.00603
9.0005
9.01587
9.05669
9.11067
9.16522
9.19584
9.20183
9.17213
9.10244
9.01258
8.90912
8.80798
8.72546
8.67955
8.67393
8.70367
8.7601
8.83643
8.91389
8.98303
9.04285
9.08351
9.11
9.13757
9.16461
9.20311
9.25361
9.30826
9.35937
9.40755
9.44084
9.46312
9.47187
9.49491
9.54004
9.61844
9.72499
9.84583
9.97316
10.07
10.1206
10.1167
10.0582
9.94698
9.79659
9.63461
9.47053
9.3193
9.18571
9.06426
8.96486
8.88409
8.82485
8.78151
8.76238
8.76734
8.809
8.89106
8.99131
9.11976
9.26199
9.41394
9.57132
9.72686
9.87089
10.0057
10.1029
10.161
10.1818
10.1732
10.1447
10.12
10.0904
10.0668
10.0465
10.0378
10.0369
10.0408
10.0497
10.0661
10.0778
10.085
10.0838
10.0669
10.0459
10.0108
9.94697
9.86243
9.747
9.5982
9.44064
9.2796
9.13028
8.98893
8.88252
8.80818
8.77817
8.80108
8.85989
8.96879
9.12479
9.3105
9.51393
9.73004
9.93019
10.1122
10.2476
10.3247
10.355
10.3279
10.2726
10.1912
10.1012
10.0121
9.94205
9.89584
9.8905
9.91901
9.97309
10.0453
10.1079
10.1456
10.1452
10.1035
10.0284
9.94124
9.84917
9.76294
9.68549
9.62148
9.57465
9.54662
9.53508
9.54073
9.56174
9.59745
9.65162
9.71467
9.78359
9.84229
9.8771
9.89338
9.88863
9.87788
9.86385
9.86732
9.89999
9.96251
10.0564
10.1732
10.2881
10.3817
10.4293
10.422
10.3667
10.2653
10.1359
9.99597
9.86932
9.74921
9.64808
9.55949
9.48863
9.42563
9.36582
9.3276
9.30257
9.29795
9.33096
9.39341
9.49149
9.62045
9.77207
9.93038
10.0749
10.1896
10.265
10.2815
10.2422
10.1464
10.0148
9.86685
9.71227
9.56427
9.44956
9.38154
9.36219
9.41508
9.52215
9.66267
9.8231
9.97013
10.0959
10.1726
10.1991
10.1741
10.1091
10.0208
9.92247
9.82869
9.74901
9.69699
9.68978
9.72636
9.80379
9.90991
10.0308
10.1353
10.2015
10.2143
10.174
10.091
9.98507
9.88076
9.80415
9.7554
9.73313
9.73183
9.73543
9.72279
9.68539
9.63537
9.5756
9.52572
9.49922
9.49635
9.50987
9.53633
9.57437
9.59647
9.60293
9.58992
9.57112
9.56337
9.579
9.62172
9.68912
9.76604
9.84432
9.90569
9.94612
9.9601
9.95129
9.93162
9.90627
9.89239
9.87991
9.87554
9.8919
9.91673
9.95857
10.004
10.0585
10.1106
10.1623
10.2014
10.2235
10.2249
10.2072
10.165
10.0997
10.0003
9.88395
9.7438
9.5955
9.44837
9.31753
9.21236
9.14151
9.11687
9.15615
9.23427
9.35622
9.50177
9.6438
9.77166
9.868
9.9256
9.94075
9.91838
9.8836
9.8532
9.83184
9.81658
9.79965
9.77698
9.7399
9.70322
9.66351
9.64788
9.65613
9.70376
9.7903
9.89731
10.0128
10.101
10.1591
10.167
10.1292
10.0511
9.94094
9.8191
9.69277
9.57954
9.49197
9.41604
9.36639
9.3418
9.33421
9.34591
9.38437
9.44357
9.53541
9.65133
9.79101
9.94527
10.1086
10.2691
10.4155
10.5373
10.6357
10.7036
10.7554
10.7998
10.8299
10.8496
10.8508
10.8318
10.7827
10.6826
10.5345
10.3336
10.0798
9.79009
9.48494
9.1954
8.94
8.74455
8.62406
8.57545
8.60399
8.6948
8.84268
9.02765
9.23806
9.4644
9.67231
9.85782
10.0087
10.1159
10.1811
10.2102
10.2137
10.1968
10.1478
10.0842
10.0082
9.92405
9.85436
9.80497
9.77573
9.78272
9.81402
9.85639
9.88992
9.90026
9.88079
9.82561
9.74271
9.64478
9.5577
9.49579
9.45748
9.46282
9.49915
9.55833
9.63354
9.72298
9.82838
9.94561
10.0683
10.1942
10.3172
10.4268
10.5125
10.5644
10.5771
10.5448
10.4759
10.3609
10.2013
10.0028
9.78618
9.57248
9.3786
9.22843
9.12726
9.06969
9.06376
9.10671
9.19964
9.33222
9.49543
9.6589
9.80018
9.90463
9.96084
9.97612
9.97245
9.9591
9.95554
9.97083
10.0181
10.0834
10.1562
10.2119
10.2299
10.1964
10.1078
9.97747
9.81738
9.65714
9.5151
9.4122
9.35878
9.35771
9.41055
9.5137
9.65273
9.82899
10.0127
10.1904
10.3441
10.4516
10.4974
10.4738
10.3882
10.2672
10.1468
10.0556
10.0027
9.99063
10.0064
10.0387
10.0652
10.0676
10.0483
10.0087
9.9506
9.87593
9.80289
9.73293
9.67303
9.62504
9.60028
9.58656
9.58746
9.61035
9.65556
9.72157
9.81339
9.91241
10.0052
10.0719
10.1163
10.1368
10.1309
10.1129
10.0982
10.1021
10.1324
10.1832
10.2534
10.3258
10.3766
10.3836
10.3307
10.2062
10.0224
9.79466
9.56874
9.36306
9.19713
9.10993
9.0961
9.14325
9.23107
9.34167
9.44679
9.51115
9.52455
9.4891
9.4133
9.31683
9.22361
9.15584
9.119
9.13418
9.19304
9.29205
9.41381
9.54294
9.65891
9.75107
9.81349
9.85027
9.87141
9.88962
9.92465
9.96395
9.99361
10.009
9.99976
9.96491
9.92847
9.90905
9.92305
9.96258
10.016
10.0797
10.1326
10.163
10.1613
10.1292
10.0717
10.0073
9.94555
9.89809
9.87768
9.86847
9.86613
9.85453
9.80266
9.70972
9.58727
9.46686
9.37833
9.34445
9.37761
9.46385
9.5897
9.72437
9.86394
9.98371
10.0684
10.1092
10.0971
10.0332
9.93399
9.81771
9.72042
9.66491
9.68195
9.77785
9.95282
10.1814
10.409
10.5867
10.6624
10.6184
10.4698
10.2677
10.0424
9.83588
9.66564
9.5481
9.49115
9.50132
9.56049
9.65032
9.75109
9.83527
9.8852
9.90402
9.89305
9.8424
9.76546
9.66352
9.5408
9.40022
9.26657
9.1591
9.09917
9.08508
9.11329
9.16388
9.23158
9.31761
9.40876
9.52287
9.65564
9.80291
9.95369
10.0978
10.2182
10.2946
10.3286
10.3203
10.2767
10.2143
10.136
10.0564
9.98899
9.95666
9.95644
9.99172
10.0601
10.1467
10.2243
10.274
10.2961
10.2795
10.2415
10.1895
10.1382
10.0756
10.018
9.95899
9.89808
9.82924
9.75111
9.6726
9.60829
9.57261
9.56974
9.60322
9.67204
9.7484
9.81837
9.84794
9.83429
9.78324
9.69867
9.59685
9.5071
9.42689
9.37202
9.3387
9.32307
9.33727
9.37208
9.42268
9.489
9.57114
9.65206
9.73529
9.80886
9.84918
9.85327
9.83149
9.78819
9.7375
9.68295
9.64648
9.63869
9.6528
9.70835
9.79017
9.89192
9.98908
10.0776
10.1417
10.1747
10.1835
10.184
10.171
10.1567
10.1315
10.1049
10.0617
10.0158
9.94838
9.85696
9.74084
9.61503
9.48665
9.37498
9.28914
9.2405
9.21868
9.23404
9.28014
9.34582
9.42744
9.51731
9.58936
9.6385
9.65319
9.63874
9.60052
9.54638
9.49045
9.44704
9.43097
9.44545
9.49367
9.57602
9.68983
9.8083
9.92351
10.0227
10.0846
10.0976
10.0677
10.0027
9.90824
9.81064
9.72182
9.65371
9.61191
9.6032
9.6164
9.6645
9.73134
9.81039
9.89765
9.96748
10.0234
10.0524
10.0503
10.0324
10.0046
9.96838
9.9228
9.86221
9.78375
9.67386
9.54709
9.4079
9.28346
9.17501
9.09653
9.06205
9.05539
9.08254
9.13536
9.21211
9.30376
9.40215
9.51889
9.66329
9.82554
10.009
10.1923
10.3706
10.513
10.5999
10.6145
10.5669
10.4605
10.3357
10.2216
10.1453
10.1289
10.1594
10.2256
10.3019
10.3766
10.4402
10.4867
10.5246
10.5523
10.5616
10.5443
10.5011
10.412
10.2758
10.0955
9.88717
9.67069
9.45822
9.27332
9.12345
9.01471
8.9397
8.89913
8.88902
8.90279
8.9506
9.02312
9.11606
9.21383
9.32156
9.42458
9.5195
9.61066
9.6983
9.78863
9.88176
9.97832
10.0721
10.1566
10.2151
10.2394
10.2315
10.1954
10.1491
10.1098
10.0909
10.0913
10.1162
10.1514
10.1847
10.1956
10.1865
10.1517
10.0861
10.0069
9.90768
9.8162
9.72399
9.63746
9.5676
9.50944
9.45742
9.42039
9.38199
9.34996
9.33079
9.32171
9.32899
9.36066
9.42209
9.50732
9.62257
9.76041
9.899
10.0221
10.1131
10.1542
10.1525
10.1139
10.0531
9.97462
9.89589
9.84129
9.80557
9.79872
9.82061
9.86504
9.92726
9.99469
10.0633
10.109
10.1263
10.1066
10.0478
9.96697
9.87193
9.7775
9.6904
9.61908
9.57034
9.53935
9.515
9.47977
9.43641
9.3829
9.3339
9.31403
9.33925
9.40949
9.53014
9.6766
9.83566
9.9768
10.0814
10.1469
10.165
10.1307
10.0561
9.9623
9.86075
9.77079
9.69015
9.64719
9.62175
9.62686
9.635
9.63937
9.61955
9.56166
9.48478
9.40657
9.34476
9.31011
9.33479
9.42164
9.57007
9.76539
9.97912
10.1804
10.3365
10.4396
10.4864
10.4881
10.461
10.4247
10.3701
10.3049
10.2278
10.1312
10.0193
9.90783
9.80033
9.70525
9.64516
9.61193
9.60145
9.61511
9.63758
9.6656
9.69133
9.7046
9.70829
9.70612
9.70096
9.70439
9.71837
9.74633
9.79108
9.84311
9.89657
9.93231
9.95014
9.93142
9.87686
9.78725
9.66998
9.5381
9.4122
9.31248
9.25819
9.26043
9.31342
9.41321
9.5347
9.67858
9.84016
10.0055
10.1746
10.3372
10.4852
10.6025
10.6832
10.7091
10.6894
10.6228
10.5144
10.3784
10.2134
10.0346
9.84942
9.67161
9.50449
9.36293
9.25359
9.18753
9.16821
9.19762
9.27297
9.3835
9.5006
9.61906
9.70856
9.75844
9.76413
9.72884
9.66295
9.5842
9.50011
9.43604
9.39344
9.38121
9.40761
9.47151
9.56588
9.69407
9.84401
10.0013
10.1637
10.2937
10.3861
10.4307
10.4171
10.3616
10.2857
10.1947
10.107
10.0197
9.94384
9.85878
9.76383
9.66504
9.55502
9.45486
9.36662
9.30888
9.28391
9.28914
9.33618
9.42867
9.55237
9.70733
9.87142
10.0412
10.2035
10.3303
10.4123
10.428
10.3866
10.2991
10.1885
10.0761
9.97533
9.89191
9.83447
9.79854
9.77765
9.76945
9.76434
9.76015
9.74866
9.74305
9.75216
9.7681
9.7895
9.79965
9.78437
9.72975
9.64532
9.52519
9.39457
9.27416
9.18214
9.12298
9.10671
9.12259
9.17732
9.25104
9.34288
9.44569
9.54345
9.64108
9.7293
9.81188
9.88499
9.93658
9.96941
9.97157
9.94565
9.90363
9.85007
9.79677
9.75228
9.72952
9.73531
9.78681
9.86824
9.97976
10.1062
10.2349
10.3512
10.4468
10.5135
10.5539
10.5668
10.5527
10.5205
10.4696
10.4008
10.3158
10.2156
10.1127
10.0222
9.93808
9.87184
9.82497
9.78517
9.74866
9.71723
9.67715
9.63704
9.60038
9.56951
9.54201
9.52679
9.51538
9.51717
9.52439
9.55183
9.60279
9.66062
9.7334
9.81437
9.89134
9.96151
10.0183
10.0612
10.0785
10.0699
10.0209
9.94307
9.83541
9.71965
9.61493
9.5405
9.51376
9.5329
9.59159
9.68378
9.7932
9.89962
9.99711
10.0623
10.0995
10.1063
10.081
10.0376
9.97686
9.89505
9.79233
9.67997
9.55715
9.4296
9.32268
9.24089
9.20912
9.22583
9.29331
9.4191
9.57588
9.74802
9.91341
10.0597
10.1797
10.2638
10.3046
10.3031
10.2571
10.1867
10.0924
9.98981
9.89263
9.80159
9.71554
9.62621
9.55914
9.50587
9.46492
9.4317
9.41707
9.42112
9.43981
9.49548
9.57819
9.68529
9.81245
9.95698
10.0901
10.2009
10.276
10.3124
10.3044
10.2785
10.2469
10.2172
10.1881
10.1671
10.1539
10.1389
10.1167
10.0847
10.0389
9.97836
9.90257
9.81767
9.73947
9.67316
9.62851
9.60846
9.60821
9.63204
9.66266
9.70718
9.75827
9.82046
9.88488
9.9505
10.0112
10.0662
10.1008
10.1093
10.0778
10.0197
9.94489
9.87571
9.82761
9.80757
9.81451
9.85034
9.89789
9.95633
10.0141
10.0686
10.1096
10.1234
10.1104
10.0742
10.009
9.93699
9.85899
9.78119
9.71066
9.64649
9.57841
9.51828
9.45074
9.38824
9.32424
9.25724
9.19393
9.15216
9.13934
9.16263
9.24314
9.37402
9.54575
9.73527
9.92582
10.0952
10.2393
10.338
10.392
10.4097
10.3981
10.3648
10.3133
10.25
10.1741
10.0831
9.98838
9.88883
9.79325
9.69874
9.61809
9.5452
9.48259
9.42841
9.38162
9.34799
9.33392
9.3409
9.37881
9.43365
9.50862
9.60396
9.69973
9.80429
9.90714
10.0127
10.0949
10.1634
10.1997
10.2088
10.2009
10.1795
10.1523
10.12
10.0964
10.0882
10.0976
10.1191
10.1578
10.2155
10.2791
10.3452
10.4144
10.4759
10.5284
10.5668
10.5706
10.5335
10.4498
10.3369
10.1968
10.0372
9.86192
9.6759
9.48812
9.29293
9.10422
8.93095
8.80707
8.73775
8.72112
8.77038
8.87932
9.03725
9.22298
9.40834
9.57022
9.70193
9.80837
9.89188
9.96054
10.0301
10.0993
10.1731
10.2525
10.3213
10.3795
10.4105
10.4036
10.3605
10.2747
10.157
10.0135
9.8691
9.73726
9.64835
9.6049
9.62053
9.68472
9.79503
9.92618
10.0561
10.159
10.1969
10.1628
10.0523
9.90546
9.75374
9.62515
9.53261
9.48466
9.47923
9.50751
9.56412
9.64914
9.75137
9.88461
10.0182
10.1443
10.2452
10.2878
10.2783
10.215
10.1112
9.98231
9.84983
9.72308
9.62398
9.56096
9.53825
9.56814
9.63325
9.71519
9.788
9.82302
9.81148
9.75623
9.64747
9.49968
9.33198
9.18194
9.07674
9.03855
9.07614
9.18153
9.33357
9.521
9.71855
9.9006
10.044
10.1308
10.1605
10.1333
10.0627
9.97993
9.89625
9.82357
9.77047
9.72959
9.67545
9.60768
9.50415
9.38321
9.28129
9.21021
9.18575
9.22114
9.31098
9.44416
9.59417
9.76306
9.92153
10.0597
10.1736
10.253
10.3062
10.3226
10.3089
10.269
10.188
10.0884
9.98067
9.87309
9.77349
9.70085
9.64749
9.63664
9.64964
9.68656
9.73987
9.79922
9.86546
9.92132
9.96379
9.99461
10.0122
10.0241
10.0437
10.0644
10.0783
10.0758
10.047
9.97543
9.85209
9.68874
9.50561
9.3281
9.17977
9.0712
9.01154
9.00449
9.03844
9.09287
9.16226
9.24996
9.36405
9.51057
9.6784
9.85199
10.0118
10.1495
10.2499
10.3018
10.3164
10.2817
10.2072
10.1043
9.97883
9.83752
9.70283
9.57447
9.47422
9.40953
9.38442
9.39547
9.44366
9.514
9.60619
9.701
9.80694
9.91612
10.0269
10.1294
10.2251
10.2967
10.3326
10.3367
10.3058
10.2428
10.1565
10.0579
9.96747
9.90215
9.87128
9.8767
9.92434
9.99676
10.0812
10.1543
10.2001
10.1942
10.1329
10.0186
9.87452
9.72005
9.58249
9.47526
9.39971
9.36726
9.37394
9.41352
9.47626
9.54961
9.63025
9.70993
9.77607
9.81789
9.83913
9.83502
9.8166
9.79986
9.7851
9.78259
9.78521
9.78155
9.7596
9.7005
9.60612
9.47612
9.33573
9.20389
9.10442
9.06494
9.08959
9.17366
9.31313
9.48756
9.66134
9.82051
9.93899
9.99723
10.0103
9.98166
9.93232
9.87429
9.83003
9.80978
9.82256
9.87157
9.9531
10.0502
10.1463
10.2252
10.2799
10.3106
10.3137
10.2851
10.2364
10.1605
10.0584
9.93472
9.80795
9.66865
9.53191
9.4039
9.28191
9.17598
9.08618
9.02947
9.00022
9.00907
9.0613
9.15492
9.28775
9.46439
9.68184
9.91208
10.145
10.3626
10.5336
10.637
10.6657
10.6363
10.5532
10.4231
10.2611
10.0788
9.88462
9.67659
9.47472
9.29228
9.14828
9.05183
9.01034
9.02314
9.09317
9.19667
9.32646
9.46955
9.61311
9.75506
9.87825
9.98211
10.0637
10.1251
10.1722
10.1964
10.1993
10.1755
10.1313
10.0649
9.98682
9.92001
9.85847
9.81046
9.7886
9.79621
9.8355
9.905
9.98822
10.0575
10.099
10.1105
10.0963
10.0538
10.0037
9.95408
9.902
9.84375
9.78802
9.73025
9.65624
9.56485
9.45644
9.34079
9.24202
9.17956
9.16628
9.20312
9.27739
9.39039
9.52307
9.67394
9.83718
9.99843
10.1357
10.222
10.245
10.1936
10.0828
9.94264
9.79467
9.6616
9.56197
9.50456
9.48814
9.5003
9.53158
9.57316
9.61385
9.65157
9.68796
9.7189
9.73753
9.7418
9.73511
9.71994
9.71075
9.71013
9.72687
9.75186
9.77976
9.79667
9.79442
9.77548
9.73024
9.6707
9.61106
9.55604
9.52624
9.52945
9.56859
9.6456
9.7584
9.90205
10.055
10.2253
10.375
10.4981
10.581
10.6179
10.6127
10.5793
10.5179
10.4401
10.3464
10.2298
10.1014
9.98035
9.86727
9.78605
9.74217
9.7259
9.73527
9.75237
9.76081
9.76683
9.75326
9.73142
9.71269
9.69742
9.68911
9.67583
9.655
9.61686
9.55711
9.48689
9.433
9.39881
9.39553
9.41583
9.44493
9.47308
9.49049
9.49921
9.50236
9.50441
9.5014
9.51373
9.53628
9.5765
9.62997
9.69718
9.76858
9.83941
9.90253
9.95043
9.9896
10.0004
9.9945
9.96818
9.92822
9.87831
9.83729
9.81511
9.81459
9.85303
9.92098
10.0095
10.1051
10.1883
10.2489
10.2682
10.2531
10.2185
10.1658
10.107
10.0569
10.0221
10.0043
10.0135
10.0394
10.0729
10.1036
10.1258
10.1347
10.1276
10.096
10.0356
9.95616
9.85221
9.72786
9.61343
9.50785
9.44262
9.42693
9.46357
9.54879
9.6565
9.76508
9.84452
9.8853
9.89265
9.8953
9.91149
9.94526
9.99304
10.0567
10.1175
10.1585
10.1735
10.1416
10.061
9.92946
9.7528
9.54922
9.34361
9.15694
9.00998
8.9109
8.86686
8.87465
8.93141
9.02804
9.15008
9.29663
9.45634
9.61728
9.78423
9.94931
10.101
10.2254
10.3108
10.3464
10.3239
10.257
10.1461
10.0166
9.87308
9.73903
9.63049
9.56314
9.54472
9.57693
9.64394
9.72893
9.80277
9.8505
9.8639
9.84365
9.79321
9.73324
9.6917
9.67263
9.69775
9.75689
9.86114
9.96883
10.0584
10.1184
10.1322
10.1021
10.0328
9.93234
9.81127
9.6811
9.5627
9.47573
9.43214
9.43687
9.49203
9.58468
9.68125
9.7563
9.79818
9.78732
9.72189
9.6205
9.49785
9.37179
9.28129
9.24099
9.2544
9.32279
9.42874
9.5714
9.72406
9.87255
9.99842
10.076
10.1047
10.0857
10.0216
9.95059
9.87697
9.81665
9.77736
9.75679
9.74608
9.73497
9.71518
9.69404
9.66121
9.62951
9.60783
9.57739
9.56111
9.55604
9.56388
9.58725
9.60986
9.6391
9.65215
9.64529
9.62122
9.5899
9.56058
9.54617
9.56164
9.61245
9.68974
9.78818
9.89779
9.99709
10.0675
10.1112
10.1167
10.1068
10.0781
10.0522
10.0431
10.0485
10.0716
10.1033
10.1334
10.162
10.1789
10.1926
10.1913
10.1967
10.2042
10.2166
10.2246
10.2192
10.1981
10.159
10.0991
10.022
9.9226
9.82572
9.73543
9.6681
9.63978
9.64412
9.68307
9.74106
9.80926
9.87359
9.91577
9.92934
9.90156
9.83219
9.73791
9.62363
9.50468
9.3898
9.29254
9.20978
9.14743
9.10419
9.0834
9.08954
9.13579
9.22038
9.34623
9.50996
9.69742
9.89814
10.0778
10.2205
10.3092
10.3448
10.3255
10.2607
10.1754
10.0756
9.98824
9.93141
9.9061
9.9109
9.93956
9.98044
10.0255
10.0755
10.1331
10.2085
10.2972
10.3986
10.5012
10.5825
10.639
10.6598
10.6438
10.5887
10.4925
10.3606
10.2002
10.0186
9.83313
9.66428
9.52271
9.42692
9.3873
9.38999
9.43622
9.50323
9.57051
9.61323
9.6216
9.58716
9.5192
9.43084
9.34655
9.28059
9.24439
9.26139
9.33213
9.45896
9.63066
9.82554
10.01
10.1483
10.2061
10.1716
10.0508
9.86816
9.65017
9.43147
9.2403
9.09773
9.023
9.01674
9.08136
9.18774
9.32933
9.49032
9.65958
9.82448
9.98349
10.1357
10.277
10.4015
10.4996
10.5543
10.5494
10.469
10.3154
10.1142
9.89701
9.69812
9.55022
9.46951
9.45843
9.50208
9.59584
9.71888
9.86588
10.0206
10.1704
10.3192
10.4519
10.5582
10.6289
10.6603
10.6579
10.6279
10.5837
10.5356
10.4848
10.4251
10.3657
10.2784
10.1622
10.0104
9.8343
9.64601
9.45498
9.29352
9.1602
9.06693
9.00892
8.97649
8.96597
8.98988
9.04072
9.11067
9.20076
9.30223
9.40313
9.49411
9.57549
9.64175
9.67754
9.68973
9.67806
9.63201
9.57813
9.53607
9.50199
9.50985
9.54345
9.60128
9.68126
9.76949
9.86249
9.95921
10.065
10.1725
10.282
10.3823
10.4721
10.5268
10.5335
10.4928
10.3951
10.2506
10.079
9.89521
9.72782
9.59173
9.4948
9.43649
9.41848
9.43677
9.48167
9.52652
9.587
9.64205
9.70654
9.77229
9.83758
9.89488
9.94792
9.99246
10.0328
10.0664
10.1135
10.1736
10.2301
10.2778
10.3043
10.3096
10.297
10.2939
10.2994
10.3192
10.3423
10.3449
10.3067
10.2251
10.1009
9.93591
9.75089
9.56344
9.37644
9.21545
9.07779
8.97906
3.2
3.39829
3.75811
4.21904
4.77872
5.41226
6.07742
6.73611
7.34594
7.86435
8.25966
8.50346
8.59753
8.55641
8.40231
8.17574
7.91287
7.64652
7.39356
7.1774
7.0106
6.88881
6.80686
6.77068
6.77079
6.79772
6.83586
6.87557
6.90818
6.93176
6.9387
6.93214
6.90549
6.86453
6.81044
6.74296
6.66929
6.59369
6.52428
6.46027
6.40167
6.35662
6.32165
6.29921
6.29991
6.31746
6.3537
6.40458
6.46545
6.5318
6.65632
6.84684
7.08172
7.33619
7.59337
7.82553
8.02827
8.19045
8.2993
8.37195
8.39701
8.39301
8.35825
8.31709
8.27877
8.246
8.22199
8.21269
8.21951
8.24531
8.28674
8.34851
8.43592
8.53206
8.62407
8.70068
8.74554
8.74682
8.69998
8.61746
8.50593
8.39359
8.28539
8.19215
8.11178
8.04237
7.98753
7.93872
7.89721
7.87314
7.86625
7.88527
7.92541
7.9822
8.04331
8.11732
8.19641
8.28063
8.38417
8.48624
8.62084
8.79306
8.98061
9.16835
9.32686
9.44972
9.52417
9.55295
9.53879
9.49293
9.42238
9.34183
9.2557
9.17877
9.10173
9.04054
9.00603
9.0005
9.01587
9.05669
9.11067
9.16522
9.19584
9.20183
9.17213
9.10244
9.01258
8.90912
8.80798
8.72546
8.67955
8.67393
8.70367
8.7601
8.83643
8.91389
8.98303
9.04285
9.08351
9.11
9.13757
9.16461
9.20311
9.25361
9.30826
9.35937
9.40755
9.44084
9.46312
9.47187
9.49491
9.54004
9.61844
9.72499
9.84583
9.97316
10.07
10.1206
10.1167
10.0582
9.94698
9.79659
9.63461
9.47053
9.3193
9.18571
9.06426
8.96486
8.88409
8.82485
8.78151
8.76238
8.76734
8.809
8.89106
8.99131
9.11976
9.26199
9.41394
9.57132
9.72686
9.87089
10.0057
10.1029
10.161
10.1818
10.1732
10.1447
10.12
10.0904
10.0668
10.0465
10.0378
10.0369
10.0408
10.0497
10.0661
10.0778
10.085
10.0838
10.0669
10.0459
10.0108
9.94697
9.86243
9.747
9.5982
9.44064
9.2796
9.13028
8.98893
8.88252
8.80818
8.77817
8.80108
8.85989
8.96879
9.12479
9.3105
9.51393
9.73004
9.93019
10.1122
10.2476
10.3247
10.355
10.3279
10.2726
10.1912
10.1012
10.0121
9.94205
9.89584
9.8905
9.91901
9.97309
10.0453
10.1079
10.1456
10.1452
10.1035
10.0284
9.94124
9.84917
9.76294
9.68549
9.62148
9.57465
9.54662
9.53508
9.53506
9.53828
9.54213
9.55872
9.57996
9.60353
9.6224
9.62211
9.61486
9.59329
9.57228
9.55641
9.55823
9.58959
9.64945
9.74089
9.85735
9.97135
10.0654
10.125
10.1274
10.0815
9.99236
9.86957
9.7378
9.61467
9.49556
9.39608
9.31027
9.24118
9.18116
9.1236
9.0909
9.06952
9.06838
9.09834
9.16224
9.25857
9.38547
9.53746
9.69267
9.84264
9.96328
10.0395
10.0602
10.0243
9.93773
9.80816
9.65639
9.50191
9.35489
9.24467
9.17372
9.15227
9.19205
9.28362
9.41062
9.55476
9.69853
9.82181
9.90395
9.93708
9.92443
9.87008
9.79039
9.69596
9.60365
9.52818
9.48045
9.46773
9.49811
9.56839
9.66676
9.78464
9.88746
9.95758
9.97699
9.94967
9.88274
9.79499
9.70234
9.6318
9.5845
9.55987
9.5479
9.53898
9.51799
9.47882
9.41608
9.35005
9.28653
9.24475
9.22961
9.23209
9.25485
9.29191
9.32075
9.33648
9.33406
9.32334
9.31871
9.32579
9.35853
9.41504
9.47823
9.5468
9.61483
9.66385
9.69045
9.69778
9.69185
9.67804
9.68003
9.67455
9.68173
9.70313
9.73176
9.77077
9.80875
9.85367
9.89541
9.93571
9.97289
9.99673
10.0003
9.98405
9.94348
9.8772
9.79157
9.68941
9.55721
9.41968
9.28253
9.15857
9.05338
8.9755
8.93944
8.95088
9.00703
9.10165
9.2217
9.35342
9.47464
9.57437
9.64795
9.67969
9.67707
9.65404
9.62925
9.60945
9.59293
9.58211
9.56206
9.53056
9.48696
9.44866
9.42351
9.42766
9.46121
9.53118
9.62653
9.74045
9.84112
9.91203
9.94877
9.93237
9.87682
9.77973
9.66032
9.53698
9.42327
9.32778
9.25232
9.20151
9.17255
9.16711
9.17985
9.21226
9.26326
9.33131
9.41506
9.52143
9.64255
9.77373
9.91446
10.0577
10.1834
10.2957
10.3928
10.4711
10.5297
10.5704
10.5869
10.5849
10.5654
10.5121
10.4294
10.3023
10.1328
9.91661
9.6589
9.37264
9.09397
8.83778
8.62943
8.47655
8.39487
8.39309
8.46072
8.57655
8.74405
8.93831
9.15097
9.35116
9.53421
9.68846
9.79755
9.87426
9.91604
9.9315
9.92821
9.89989
9.86286
9.80939
9.75409
9.69899
9.65862
9.63459
9.63401
9.64267
9.65701
9.65558
9.64144
9.60077
9.53074
9.44262
9.34307
9.25647
9.19601
9.17194
9.19284
9.25097
9.33807
9.43551
9.53926
9.65081
9.76135
9.86642
9.96822
10.0636
10.1459
10.2141
10.2564
10.2714
10.2494
10.1988
10.1121
9.99511
9.83827
9.66879
9.48836
9.31024
9.15892
9.05256
8.98951
8.96555
8.98735
9.03716
9.11477
9.21503
9.31717
9.40915
9.48694
9.5361
9.56097
9.57441
9.58094
9.59855
9.63329
9.69225
9.76905
9.85682
9.93127
9.98588
9.99981
9.95407
9.85831
9.72709
9.57422
9.4224
9.28273
9.17625
9.11026
9.09428
9.1462
9.24962
9.40893
9.59874
9.80755
10.0081
10.1823
10.3047
10.3552
10.325
10.2291
10.0837
9.93567
9.81509
9.73607
9.70481
9.7163
9.74643
9.77993
9.79279
9.78807
9.75861
9.69723
9.62811
9.54924
9.48964
9.44798
9.4248
9.42764
9.44887
9.48508
9.52644
9.5824
9.65021
9.72041
9.78786
9.83414
9.8484
9.82992
9.7811
9.71502
9.65103
9.60165
9.58858
9.6088
9.66656
9.75345
9.84107
9.91055
9.92736
9.88269
9.76699
9.59504
9.40199
9.21124
9.05327
8.9544
8.92564
8.95243
9.03777
9.15763
9.28257
9.38495
9.44463
9.44615
9.39932
9.30922
9.20279
9.11131
9.04975
9.01829
9.03114
9.08155
9.16225
9.25428
9.34038
9.40771
9.45463
9.47296
9.48954
9.50086
9.52439
9.55975
9.60576
9.64767
9.69185
9.73012
9.76339
9.7929
9.82835
9.85842
9.89459
9.93289
9.96943
9.9986
10.0104
10.015
10.0049
9.98824
9.97373
9.95484
9.93818
9.91458
9.86739
9.77404
9.63282
9.45759
9.27447
9.12082
9.01166
8.95211
8.95665
9.01537
9.10598
9.21631
9.33525
9.44688
9.55132
9.63987
9.70877
9.74659
9.75218
9.72224
9.66477
9.59981
9.55005
9.53068
9.54564
9.61589
9.73752
9.88396
10.0316
10.1356
10.1715
10.1295
10.0254
9.89548
9.75114
9.63438
9.55609
9.51854
9.51252
9.51798
9.51005
9.47622
9.41366
9.33694
9.26719
9.22825
9.21872
9.24684
9.29094
9.3313
9.3617
9.37132
9.35824
9.32029
9.27552
9.23092
9.20555
9.19915
9.22474
9.28773
9.38489
9.51237
9.6551
9.81316
9.95349
10.0526
10.0987
10.094
10.0452
9.95629
9.86151
9.76574
9.67458
9.60288
9.5503
9.52166
9.52468
9.55502
9.6052
9.67741
9.75668
9.83162
9.89534
9.9349
9.94657
9.92961
9.88468
9.81778
9.75036
9.6809
9.62425
9.58262
9.56256
9.55764
9.56743
9.5876
9.60288
9.61615
9.63366
9.63397
9.62239
9.59421
9.53823
9.45533
9.35457
9.24093
9.12751
9.0304
8.95622
8.90744
8.89405
8.91707
8.97553
9.07986
9.21779
9.38928
9.5585
9.71363
9.82942
9.89282
9.90164
9.85914
9.78672
9.70384
9.60763
9.52696
9.47518
9.4516
9.47515
9.54655
9.66641
9.81638
9.97206
10.1121
10.2272
10.2944
10.3131
10.2777
10.1869
10.0545
9.89682
9.74083
9.592
9.47253
9.39223
9.34661
9.3303
9.32576
9.31836
9.29626
9.24905
9.17517
9.08866
8.99182
8.90474
8.85254
8.83942
8.87303
8.95019
9.06484
9.19787
9.33203
9.45946
9.55912
9.63933
9.68639
9.71021
9.71878
9.72272
9.72685
9.72873
9.7407
9.76124
9.78463
9.80929
9.82461
9.81315
9.77565
9.71441
9.62575
9.52763
9.4273
9.3367
9.26981
9.2273
9.23248
9.27207
9.34565
9.44959
9.5743
9.70958
9.84804
9.9747
10.0796
10.1419
10.1739
10.1619
10.1156
10.0447
9.95966
9.84667
9.71681
9.57482
9.43291
9.30033
9.19079
9.10445
9.04076
8.99784
8.96622
8.95483
8.96251
9.01399
9.09733
9.21625
9.36642
9.52966
9.68734
9.82424
9.92777
9.98142
9.9859
9.94722
9.87205
9.78659
9.69869
9.62469
9.56973
9.54846
9.55984
9.59963
9.6674
9.75728
9.84027
9.91107
9.94943
9.95183
9.91604
9.84902
9.75217
9.63457
9.49785
9.36189
9.2433
9.15061
9.08585
9.0485
9.04304
9.04558
9.05996
9.07312
9.08729
9.09606
9.09889
9.10315
9.11008
9.13319
9.17089
9.23733
9.33562
9.45994
9.60591
9.76322
9.93165
10.0883
10.2118
10.2894
10.3182
10.3062
10.2699
10.2155
10.1615
10.1179
10.0825
10.0616
10.036
9.9959
9.93006
9.84683
9.74142
9.62982
9.52615
9.44037
9.38553
9.37406
9.37638
9.39767
9.40174
9.39019
9.35694
9.31709
9.28705
9.27364
9.29561
9.34981
9.43256
9.52688
9.62388
9.70834
9.7793
9.82922
9.8499
9.85474
9.84045
9.80751
9.76535
9.71081
9.65552
9.60262
9.56096
9.52983
9.49322
9.45901
9.42134
9.38533
9.35597
9.34364
9.34709
9.36138
9.39399
9.44712
9.52827
9.63154
9.74803
9.85879
9.94254
9.98215
9.97988
9.92653
9.83551
9.72245
9.60014
9.47741
9.36488
9.26877
9.19909
9.16501
9.1699
9.19383
9.24926
9.31201
9.36333
9.39757
9.42359
9.42692
9.42594
9.41506
9.42229
9.43063
9.44536
9.46126
9.47276
9.47799
9.47254
9.45977
9.43696
9.41612
9.39888
9.38119
9.37344
9.3859
9.42408
9.4871
9.56779
9.65886
9.74631
9.81245
9.85762
9.8724
9.85778
9.83026
9.77777
9.72645
9.67022
9.60038
9.52675
9.46388
9.39771
9.34614
9.31028
9.29547
9.28902
9.30102
9.32989
9.36309
9.39804
9.4383
9.457
9.46426
9.46165
9.43586
9.40059
9.35677
9.31307
9.28323
9.26593
9.27691
9.30959
9.34987
9.38125
9.39238
9.37408
9.34028
9.31097
9.30802
9.33814
9.40603
9.49808
9.5984
9.6887
9.76732
9.82961
9.88406
9.94583
10.004
10.0682
10.114
10.1259
10.0856
9.99547
9.86416
9.71608
9.5765
9.47463
9.40982
9.39875
9.42098
9.4722
9.524
9.56502
9.59194
9.60648
9.5977
9.54236
9.44292
9.29017
9.09511
8.88085
8.66986
8.50617
8.41
8.40982
8.51769
8.74549
9.07639
9.46715
9.87128
10.2317
10.5105
10.6908
10.7638
10.7418
10.6448
10.4771
10.2467
9.9684
9.66254
9.35144
9.06254
8.81793
8.63699
8.52474
8.48981
8.53431
8.64173
8.80604
8.99399
9.19614
9.39243
9.5581
9.68698
9.77214
9.83198
9.86407
9.8805
9.90044
9.92161
9.95391
10.0002
10.055
10.1195
10.184
10.244
10.3032
10.3496
10.3725
10.3647
10.3073
10.199
10.0361
9.84853
9.64963
9.45513
9.27922
9.12549
9.00586
8.91949
8.89058
8.91225
8.98299
9.07965
9.19278
9.30241
9.39451
9.47291
9.53836
9.58779
9.61737
9.62955
9.63519
9.63127
9.6328
9.64846
9.6811
9.71495
9.72865
9.71098
9.6597
9.58805
9.50975
9.45029
9.41603
9.40253
9.41514
9.43957
9.46857
9.49462
9.50279
9.4964
9.47185
9.44019
9.41384
9.39739
9.39269
9.4054
9.43246
9.46685
9.51026
9.56552
9.62751
9.67317
9.67938
9.63762
9.54793
9.43007
9.29718
9.16788
9.06438
8.99746
8.96956
8.97754
9.01908
9.09108
9.18159
9.30025
9.44179
9.58173
9.72239
9.84444
9.93401
9.99225
10.0233
10.0472
10.0633
10.0846
10.1022
10.1042
10.0745
10.0106
9.92332
9.79566
9.66501
9.5342
9.41003
9.31779
9.27179
9.27271
9.33425
9.44169
9.58993
9.746
9.90299
10.0361
10.1294
10.1715
10.1643
10.1048
10.0004
9.86443
9.71785
9.57021
9.43525
9.33102
9.26199
9.23489
9.2461
9.28141
9.34341
9.4113
9.49209
9.56161
9.61956
9.65458
9.6724
9.67071
9.6495
9.60633
9.54745
9.48272
9.41927
9.36659
9.33614
9.32532
9.3426
9.37499
9.42904
9.49963
9.57436
9.65207
9.73364
9.80853
9.88383
9.9324
9.9527
9.94148
9.90093
9.83902
9.76091
9.67154
9.58277
9.48833
9.40969
9.34345
9.29742
9.26641
9.24373
9.22878
9.21364
9.2118
9.21502
9.22412
9.24722
9.26753
9.28664
9.30186
9.31684
9.33788
9.36026
9.39451
9.42681
9.46906
9.50739
9.53817
9.55725
9.5618
9.54521
9.51877
9.47595
9.43707
9.41254
9.41717
9.45406
9.52677
9.6151
9.70169
9.77209
9.80525
9.78581
9.72795
9.62652
9.50547
9.36987
9.23866
9.14506
9.09787
9.11041
9.18594
9.32835
9.51008
9.71913
9.91305
10.0872
10.2084
10.2732
10.2769
10.2153
10.1087
9.96255
9.79582
9.63017
9.48537
9.3745
9.31365
9.30943
9.35872
9.44522
9.55273
9.63936
9.69116
9.70198
9.67932
9.63876
9.59525
9.55513
9.51205
9.46406
9.4141
9.34509
9.26291
9.16749
9.08361
9.00563
8.96713
8.9739
9.03669
9.14142
9.26805
9.40224
9.51766
9.61096
9.68523
9.73576
9.76344
9.77457
9.78318
9.79125
9.81274
9.83603
9.86269
9.89102
9.91556
9.9405
9.95233
9.95766
9.95548
9.93082
9.87602
9.7952
9.69286
9.58026
9.46134
9.35496
9.26404
9.20511
9.17348
9.17193
9.19626
9.24098
9.29074
9.34288
9.39424
9.43561
9.46623
9.49006
9.49392
9.48412
9.45859
9.41835
9.37338
9.333
9.30611
9.30756
9.34626
9.42556
9.53153
9.65137
9.77207
9.87422
9.94709
9.99242
10.0071
9.99919
9.97659
9.94608
9.92502
9.91035
9.90837
9.92256
9.94446
9.96917
9.98627
9.98402
9.9667
9.92091
9.86564
9.79156
9.70971
9.62144
9.53428
9.4534
9.39768
9.37436
9.39416
9.45445
9.54686
9.65048
9.74004
9.79189
9.80018
9.77345
9.724
9.66838
9.61247
9.5754
9.56423
9.57624
9.60709
9.65461
9.69931
9.72274
9.71291
9.66714
9.58331
9.47321
9.34863
9.2266
9.1239
9.04056
8.99717
8.99511
9.03196
9.1211
9.24209
9.38372
9.54097
9.69674
9.81922
9.91134
9.95639
9.95916
9.91941
9.83795
9.72811
9.59231
9.44125
9.31639
9.23597
9.22946
9.29182
9.40868
9.55507
9.71059
9.85017
9.95829
10.0232
10.0374
10.0147
9.96348
9.89186
9.81106
9.72472
9.63885
9.55663
9.4768
9.40638
9.34766
9.29065
9.26068
9.23843
9.23983
9.25725
9.30077
9.36024
9.42386
9.48619
9.53841
9.58276
9.61196
9.62481
9.63637
9.64442
9.66426
9.69036
9.73273
9.79232
9.86412
9.94444
10.0342
10.1226
10.1893
10.2359
10.2384
10.1997
10.1183
10.0214
9.91323
9.80153
9.67928
9.55075
9.41894
9.28783
9.16633
9.0595
8.98597
8.94421
8.9417
8.97486
9.02833
9.10201
9.17918
9.2499
9.31966
9.38095
9.43861
9.49651
9.55948
9.62483
9.69811
9.76953
9.82953
9.87454
9.89458
9.90297
9.89288
9.87836
9.8613
9.85961
9.8688
9.87799
9.87846
9.85519
9.79605
9.70168
9.56862
9.42877
9.31204
9.23284
9.2069
9.21917
9.26333
9.32473
9.38306
9.44682
9.51065
9.56881
9.62401
9.67968
9.71594
9.73558
9.73506
9.72059
9.69818
9.66516
9.61999
9.55909
9.48525
9.40885
9.34537
9.29788
9.27718
9.28442
9.32093
9.383
9.45833
9.53074
9.59478
9.63601
9.65037
9.64352
9.62276
9.60347
9.58311
9.57269
9.57066
9.57115
9.5802
9.59059
9.60113
9.61425
9.60771
9.57417
9.49845
9.38835
9.23582
9.06279
8.88888
8.75138
8.65783
8.62592
8.6685
8.77764
8.9541
9.1938
9.46821
9.74481
10.0049
10.2177
10.3694
10.4513
10.4733
10.4524
10.4072
10.3599
10.3137
10.2729
10.2345
10.18
10.106
9.99716
9.86917
9.7284
9.59287
9.48106
9.40331
9.35513
9.33489
9.34022
9.36327
9.39091
9.41545
9.42824
9.43014
9.42419
9.43087
9.45259
9.49205
9.55119
9.61813
9.68515
9.73924
9.76702
9.75591
9.71519
9.64373
9.54964
9.43435
9.31887
9.20627
9.10436
9.01787
8.96219
8.94277
8.96069
9.01579
9.10259
9.21868
9.34295
9.47245
9.5854
9.66431
9.6873
9.65722
9.58567
9.50881
9.46282
9.472
9.53023
9.6325
9.75988
9.88731
10.0013
10.0962
10.1644
10.1875
10.1799
10.1311
10.0566
9.95864
9.84592
9.72235
9.58206
9.43816
9.30064
9.18612
9.10076
9.04639
9.01399
9.00898
9.01268
9.01629
9.02224
9.04494
9.08963
9.17015
9.29065
9.43792
9.59216
9.72029
9.80047
9.83318
9.81926
9.78521
9.74846
9.73125
9.7306
9.7537
9.78814
9.82234
9.83937
9.83953
9.82616
9.79458
9.74566
9.69177
9.62526
9.55149
9.47622
9.40279
9.34223
9.29789
9.27177
9.26094
9.26496
9.28395
9.31286
9.34425
9.39206
9.44733
9.51454
9.58213
9.63191
9.65902
9.65013
9.61306
9.5604
9.50725
9.46233
9.43381
9.41903
9.40799
9.39567
9.38383
9.36463
9.34382
9.32064
9.3062
9.30332
9.31863
9.35938
9.42837
9.52252
9.64708
9.78752
9.92741
10.0321
10.0958
10.1033
10.0665
9.99933
9.92026
9.83508
9.738
9.63696
9.52774
9.42611
9.33917
9.27866
9.25132
9.26176
9.31252
9.39305
9.48845
9.5886
9.67645
9.7364
9.77336
9.77132
9.74731
9.70161
9.65473
9.60998
9.57078
9.53364
9.5001
9.47213
9.45184
9.43595
9.43551
9.44036
9.44748
9.45496
9.46411
9.47859
9.49881
9.52865
9.56644
9.60279
9.63478
9.65964
9.67921
9.69477
9.70882
9.72643
9.74627
9.76224
9.77594
9.77821
9.76674
9.73711
9.69932
9.65501
9.62608
9.61351
9.63031
9.68118
9.76318
9.86879
9.98645
10.0849
10.1595
10.1717
10.1173
9.98269
9.78721
9.56426
9.34107
9.14882
9.00036
8.90913
8.88037
8.8921
8.9389
8.99578
9.07037
9.14466
9.21677
9.29048
9.3641
9.44464
9.50916
9.55447
9.57371
9.55576
9.49495
9.40805
9.31463
9.22269
9.13982
9.08489
9.06712
9.07673
9.11908
9.19262
9.2948
9.41691
9.55516
9.69593
9.82933
9.94809
10.0338
10.0776
10.0822
10.0289
9.95263
9.84407
9.73201
9.62571
9.54249
9.4972
9.49247
9.5161
9.56833
9.6232
9.67355
9.70376
9.7174
9.72372
9.72355
9.73559
9.75316
9.76711
9.77008
9.76028
9.73061
9.66716
9.58489
9.49522
9.40262
9.32102
9.26214
9.22735
9.22625
9.26147
9.31937
9.4017
9.51379
9.63359
9.75279
9.86128
9.95668
10.0211
10.0569
10.0547
10.0243
9.96206
9.86978
9.75199
9.61547
9.48935
9.36954
9.28034
9.22433
9.19891
9.19845
9.22009
9.25703
9.30261
9.35848
9.42097
9.49136
9.55505
9.60744
9.62665
9.60901
9.55125
9.4725
9.3801
9.29637
9.23615
9.20046
9.19704
9.22062
9.27581
9.3498
9.4346
9.53421
9.64007
9.75007
9.85512
9.9578
10.0462
10.1058
10.1281
10.1076
10.0395
9.954
9.84981
9.76912
9.71163
9.68281
9.67339
9.66541
9.65518
9.63136
9.59291
9.53112
9.44518
9.33924
9.22108
9.11066
9.01333
8.95505
8.93562
8.96982
9.05537
9.19701
9.37994
9.59085
9.81545
10.0152
10.1673
10.2465
10.2377
10.1547
10.0284
9.88392
9.73633
9.60233
9.49095
9.39213
9.3115
9.26178
9.23487
9.23298
9.23464
9.2419
9.22279
9.18582
9.14102
9.09278
9.05734
9.02789
9.0006
8.9865
8.98107
8.99133
9.02983
9.09019
9.18287
9.2984
9.42197
9.5439
9.64704
9.7203
9.76074
9.77195
9.76905
9.76151
9.76599
9.79364
9.84242
9.89743
9.95165
9.99915
10.0398
10.0709
10.09
10.0869
10.0346
9.94095
9.81037
9.66938
9.55107
9.46177
9.4075
9.37968
9.378
9.38572
9.40222
9.42912
9.46303
9.50562
9.54594
9.57418
9.57569
9.54816
9.49981
9.45135
9.4206
9.42377
9.45102
9.49979
9.55603
9.60513
9.6535
9.68219
9.69734
9.69485
9.67631
9.64682
9.60471
9.54879
9.49813
9.46052
9.44932
9.4584
9.5056
9.5733
9.64674
9.71314
9.75489
9.75965
9.72986
9.66666
9.58217
9.48996
9.39066
9.29239
9.2046
9.1308
9.06355
9.01452
8.97644
8.95845
8.95372
8.96066
8.98188
8.99867
9.01765
9.04148
9.08709
9.16172
9.27724
9.43396
9.62699
9.85143
10.0797
10.3005
10.4874
10.6221
10.6972
10.7099
10.6669
10.5754
10.4558
10.3111
10.1573
10.012
9.88367
9.7678
9.68053
9.61487
9.5628
9.53439
9.50532
9.49545
9.48096
9.46451
9.43802
9.40673
9.36851
9.33717
9.32577
9.335
9.35943
9.39296
9.41139
9.39275
9.33053
9.23149
9.11339
9.0041
8.92552
8.89173
8.91715
8.98854
9.09634
9.21937
9.35013
9.47484
9.58537
9.67683
9.74587
9.79069
9.82458
9.85744
9.89041
9.94635
10.0292
10.1383
10.2625
10.3853
10.4793
10.502
10.4419
10.3076
10.1218
9.91797
9.71954
9.54726
9.40402
9.30041
9.24654
9.23064
9.25663
9.31697
9.39661
9.47696
9.54612
9.5791
9.57721
9.53383
9.46175
9.36626
9.28094
9.21246
9.18059
9.18976
9.24322
9.32664
9.42159
9.51191
9.57933
9.62043
9.63714
9.64653
9.65388
9.65277
9.65288
9.64092
9.61843
9.58388
9.54418
9.5141
9.50279
9.51684
9.55564
9.6072
9.6687
9.71563
9.74251
9.73884
9.71436
9.67229
9.63175
9.5996
9.57139
9.5551
9.55687
9.57425
9.60846
9.65674
9.71838
9.77395
9.81164
9.8251
9.82093
9.80611
9.78533
9.76533
9.74739
9.72392
9.69526
9.65978
9.62692
9.59303
9.56305
9.54067
9.53102
9.53362
9.55379
9.5834
9.61367
9.6586
9.71223
9.76969
9.82751
9.87198
9.89344
9.87395
9.79928
9.68039
9.52943
9.38473
9.26349
9.20126
9.19991
9.25668
9.34443
9.44035
9.52901
9.59058
9.60401
9.57689
9.51194
9.41844
9.31449
9.20867
9.13253
9.08492
9.07539
9.11138
9.17587
9.27041
9.38731
9.51272
9.64252
9.76184
9.86457
9.93148
9.95445
9.92287
9.83006
9.69458
9.54109
9.4124
9.32273
9.29384
9.32146
9.40843
9.53103
9.67485
9.83043
-5.31902
-5.28447
-5.22447
-5.13777
-5.02087
-4.87083
-4.68691
-4.46671
-4.20897
-3.91072
-3.57056
-3.19042
-2.78029
-2.34815
-1.90605
-1.47911
-1.08351
-0.740361
-0.458883
-0.248238
-0.106876
-0.03102
-0.00752719
-0.0250197
-0.0701558
-0.130215
-0.19799
-0.265673
-0.328935
-0.386927
-0.438181
-0.486227
-0.528998
-0.567828
-0.601274
-0.630691
-0.654057
-0.670309
-0.681966
-0.690147
-0.69584
-0.704674
-0.715953
-0.731514
-0.750282
-0.773719
-0.797933
-0.821539
-0.84018
-0.857136
-0.853398
-0.812997
-0.731034
-0.617838
-0.483261
-0.336579
-0.189551
-0.0505296
0.0682414
0.166369
0.235796
0.283369
0.314932
0.339608
0.361718
0.383916
0.40804
0.437381
0.467842
0.504702
0.549801
0.606215
0.674575
0.752712
0.832791
0.906809
0.968192
1.00646
1.01641
0.994251
0.946467
0.882427
0.808489
0.728954
0.65677
0.593369
0.542204
0.507168
0.490545
0.499275
0.530352
0.580572
0.647092
0.724894
0.804455
0.876859
0.944024
0.999537
1.04059
1.07148
1.10143
1.14521
1.20486
1.28529
1.38042
1.48541
1.59043
1.68402
1.75444
1.79385
1.79473
1.75812
1.68964
1.59797
1.49563
1.39496
1.31344
1.2612
1.2449
1.26291
1.31032
1.37762
1.45235
1.52627
1.58862
1.63176
1.65501
1.65579
1.64653
1.63605
1.62842
1.63152
1.64482
1.6644
1.68657
1.70204
1.7011
1.67624
1.63349
1.57688
1.51901
1.46777
1.43168
1.41519
1.41401
1.41769
1.42036
1.41616
1.4064
1.39965
1.40861
1.44423
1.50085
1.57554
1.65251
1.72633
1.78615
1.82799
1.8493
1.85128
1.83843
1.81286
1.77917
1.74191
1.70443
1.66933
1.63775
1.61056
1.58694
1.56986
1.56294
1.56699
1.58311
1.61426
1.65947
1.72226
1.79696
1.8797
1.95906
2.02094
2.05143
2.04743
2.01207
1.95856
1.89969
1.85199
1.82238
1.8093
1.80874
1.81405
1.82208
1.82881
1.83734
1.84513
1.85476
1.86623
1.88026
1.89923
1.91878
1.93405
1.94503
1.9459
1.93828
1.9186
1.89351
1.86621
1.84107
1.82194
1.81061
1.81342
1.82431
1.84222
1.86004
1.8745
1.88914
1.90815
1.93532
1.96858
2.00952
2.05668
2.11119
2.17381
2.24075
2.30441
2.3584
2.39682
2.41647
2.42641
2.43161
2.43999
2.45246
2.47094
2.49318
2.51328
2.52937
2.5341
2.52587
2.50359
2.4662
2.42031
2.36318
2.2997
2.23394
2.17178
2.11973
2.08075
2.05738
2.05409
2.06387
2.08739
2.11039
2.12864
2.12848
2.10491
2.06082
2.00755
1.95882
1.92355
1.90681
1.90785
1.92605
1.95772
1.98712
2.00797
2.01405
2.00472
1.98777
1.96503
1.95204
1.95586
1.98551
2.04011
2.11862
2.20265
2.27345
2.30913
2.29709
2.22962
2.12083
1.99217
1.86508
1.75815
1.67797
1.628
1.60439
1.59605
1.5959
1.59086
1.58025
1.56352
1.54833
1.54651
1.56446
1.60087
1.6498
1.69737
1.72954
1.73758
1.71762
1.6701
1.59978
1.51772
1.4362
1.36557
1.32055
1.30877
1.32912
1.37901
1.45328
1.54278
1.63553
1.72612
1.8082
1.87429
1.92453
1.96222
1.98881
2.00875
2.02376
2.03628
2.03868
2.03751
2.03166
2.02511
2.01918
2.0152
2.00926
1.99548
1.96219
1.89665
1.80191
1.70389
1.63084
1.60132
1.61577
1.66871
1.75403
1.8621
1.98849
2.12273
2.25824
2.37772
2.47109
2.52473
2.53037
2.48773
2.40518
2.29417
2.16649
2.03999
1.93209
1.85141
1.80779
1.80427
1.84078
1.91002
2.00725
2.12352
2.24719
2.36616
2.46439
2.53452
2.57097
2.58116
2.57128
2.55038
2.5254
2.50122
2.47299
2.43602
2.38388
2.31311
2.226
2.13114
2.0386
1.95196
1.8671
1.78128
1.68979
1.59624
1.50739
1.43589
1.38927
1.38289
1.41619
1.4938
1.60644
1.74229
1.88913
2.0327
2.15866
2.25838
2.32647
2.36566
2.38709
2.39882
2.41229
2.4281
2.45124
2.47817
2.51458
2.56383
2.625
2.69169
2.76311
2.83468
2.90915
2.98096
3.04643
3.09648
3.11928
3.11152
3.07568
3.01259
2.92325
2.80663
2.66218
2.50086
2.33519
2.18267
2.05087
1.9413
1.84918
1.76905
1.69531
1.62463
1.55751
1.49983
1.45933
1.44066
1.45078
1.48829
1.5513
1.63285
1.73276
1.84454
1.95843
2.07413
2.17924
2.27024
2.34307
2.39936
2.43958
2.46342
2.47247
2.4668
2.45012
2.42523
2.40266
2.38185
2.36769
2.35842
2.35012
2.34275
2.33968
2.34522
2.36428
2.3999
2.44796
2.4974
2.53691
2.55592
2.5485
2.51638
2.4695
2.42579
2.39186
2.37587
2.37503
2.37703
2.37986
2.37762
2.36541
2.35183
2.34097
2.33526
2.33351
2.33702
2.34299
2.34843
2.35588
2.35981
2.35422
2.33687
2.30307
2.25315
2.19346
2.14042
2.10082
2.08037
2.07309
2.07465
2.09042
2.11904
2.16221
2.21803
2.28425
2.35355
2.42138
2.48695
2.54934
2.61147
2.67365
2.73685
2.80046
2.85793
2.90587
2.93274
2.92723
2.88332
2.80092
2.68831
2.56864
2.46332
2.39044
2.35316
2.35319
2.38277
2.43552
2.50011
2.56277
2.61135
2.63429
2.63283
2.6091
2.5722
2.53154
2.49074
2.45777
2.43162
2.41322
2.40125
2.39393
2.39093
2.39137
2.39831
2.40911
2.43344
2.47531
2.53638
2.61255
2.69249
2.75897
2.793
2.78226
2.72534
2.62709
2.50283
2.37899
2.27964
2.22105
2.20478
2.22373
2.26654
2.31966
2.37509
2.42863
2.4814
2.53632
2.59371
2.65669
2.71711
2.77031
2.80818
2.82664
2.82406
2.80873
2.79381
2.7861
2.79483
2.81969
2.84937
2.8724
2.87471
2.84819
2.78856
2.69678
2.58308
2.45548
2.32869
2.21209
2.11201
2.03132
1.96836
1.92348
1.89943
1.90156
1.93329
1.98973
2.06279
2.14429
2.22303
2.29112
2.3458
2.38392
2.40722
2.41353
2.40331
2.37459
2.33893
2.3045
2.27647
2.26117
2.254
2.24347
2.21982
2.18414
2.14412
2.10417
2.07366
2.05348
2.03813
2.02419
2.01414
2.00293
1.99504
1.98551
1.97856
1.97656
1.98679
2.01409
2.05705
2.10951
2.16285
2.21299
2.25189
2.27545
2.28499
2.28243
2.27223
2.26042
2.25321
2.2606
2.28036
2.31236
2.34931
2.38983
2.42459
2.44757
2.45178
2.4317
2.3873
2.31864
2.23267
2.13617
2.0372
1.9457
1.86605
1.80733
1.7731
1.76467
1.78224
1.81993
1.87057
1.92476
1.97389
2.01244
2.03891
2.05505
2.05923
2.04842
2.02431
1.9874
1.94954
1.92066
1.90075
1.88423
1.86708
1.84366
1.82118
1.80425
1.79807
1.80638
1.8305
1.87181
1.9242
1.99138
2.06636
2.15084
2.24631
2.34639
2.43577
2.50577
2.55354
2.58889
2.6164
2.63491
2.64506
2.63837
2.61147
2.55701
2.46955
2.34266
2.1875
2.01416
1.84108
1.68317
1.55015
1.44873
1.3791
1.34184
1.33733
1.36482
1.42102
1.50764
1.61486
1.72693
1.83027
1.90774
1.95169
1.95542
1.92001
1.85108
1.7556
1.64863
1.54811
1.46807
1.42545
1.43109
1.48669
1.58713
1.71507
1.85306
1.98101
2.07752
2.13258
2.14374
2.11811
2.07026
2.02134
1.98453
1.96987
1.97647
1.9991
2.02956
2.06075
2.09163
2.12038
2.15443
2.19016
2.22683
2.2567
2.28192
2.30937
2.35043
2.41331
2.49673
2.58941
2.68045
2.76025
2.82384
2.86983
2.90063
2.92569
2.94619
2.96608
2.98609
2.99694
3.00166
3.00339
3.00889
3.01048
3.00115
2.96268
2.89308
2.806
2.71996
2.64501
2.586
2.53613
2.49865
2.46838
2.44081
2.41148
2.37948
2.33774
2.29219
2.24756
2.21214
2.19454
2.19733
2.22192
2.26046
2.30611
2.34725
2.37428
2.38348
2.37724
2.36776
2.36346
2.37454
2.39912
2.42672
2.4419
2.43955
2.41446
2.369
2.30705
2.22717
2.13147
2.02464
1.91994
1.82684
1.75405
1.70891
1.69394
1.70458
1.74239
1.80411
1.88602
1.98424
2.09074
2.19397
2.27851
2.32935
2.33816
2.30486
2.24397
2.17414
2.10926
2.05243
2.01249
1.97918
1.95131
1.92577
1.89806
1.87459
1.85681
1.8458
1.8454
1.85713
1.88091
1.91428
1.95809
2.00459
2.0455
2.06855
2.06749
2.0524
2.02024
1.98131
1.93878
1.89629
1.86188
1.83314
1.81206
1.79477
1.77815
1.76908
1.77125
1.79642
1.85106
1.93093
2.03644
2.15259
2.269
2.37948
2.47116
2.53911
2.58436
2.60403
2.60417
2.58441
2.55202
2.50983
2.46257
2.41623
2.37751
2.35674
2.35676
2.37146
2.3912
2.40628
2.41344
2.41312
2.40186
2.38656
2.36518
2.34169
2.31041
2.26809
2.20389
2.11691
2.01777
1.91997
1.8237
1.72941
1.64204
1.56401
1.50607
1.46873
1.45439
1.46702
1.51127
1.58345
1.6778
1.78765
1.89795
1.99845
2.0803
2.13946
2.18266
2.22077
2.2569
2.29235
2.32448
2.34688
2.35906
2.36026
2.35579
2.35063
2.34747
2.34766
2.34834
2.34697
2.33274
2.30614
2.26875
2.23016
2.19415
2.1644
2.14033
2.11669
2.08801
2.05164
2.00933
1.96704
1.93348
1.91889
1.92917
1.9666
2.02841
2.10017
2.16509
2.21074
2.22368
2.20364
2.15446
2.07933
1.98151
1.86745
1.74747
1.63114
1.53076
1.45453
1.41439
1.4135
1.45391
1.52853
1.62902
1.73516
1.82184
1.87028
1.87024
1.83474
1.78089
1.72484
1.67578
1.64773
1.63998
1.65436
1.69416
1.75397
1.82699
1.90576
1.9818
2.04983
2.10864
2.16201
2.21343
2.2668
2.32644
2.39013
2.44723
2.48694
2.50374
2.49427
2.46006
2.40138
2.32759
2.24469
2.1622
2.08661
2.0244
1.97782
1.95118
1.94864
1.96943
2.01626
2.0724
2.12254
2.14969
2.14527
2.12201
2.09458
2.06473
2.03968
2.01252
1.98232
1.94601
1.90974
1.87765
1.8651
1.88107
1.93447
2.02492
2.14408
2.27519
2.39455
2.47735
2.51591
2.5051
2.45308
2.37514
2.27408
2.15924
2.04508
1.94288
1.85865
1.79193
1.73843
1.69456
1.66059
1.63584
1.62228
1.62241
1.62946
1.63539
1.63668
1.63155
1.62196
1.6113
1.61077
1.63423
1.68974
1.79003
1.92713
2.08523
2.2344
2.34444
2.41
2.43964
2.45158
2.45872
2.4688
2.48328
2.49954
2.51173
2.51593
2.5087
2.49573
2.47843
2.45845
2.42811
2.38181
2.30804
2.20308
2.07352
1.94542
1.83536
1.76152
1.71515
1.68198
1.64864
1.6151
1.59509
1.59578
1.61749
1.64648
1.6721
1.68233
1.67666
1.66043
1.64867
1.64997
1.66189
1.66614
1.63995
1.58119
1.50733
1.4423
1.39676
1.3784
1.39411
1.44803
1.54302
1.68026
1.84656
2.02439
2.18589
2.31475
2.40946
2.48676
2.5502
2.5954
2.60524
2.56628
2.4783
2.3521
2.2054
2.0559
1.91493
1.78664
1.67768
1.58904
1.52384
1.48494
1.47206
1.48102
1.50651
1.5484
1.59567
1.6458
1.69514
1.73711
1.77028
1.79216
1.80605
1.81513
1.8285
1.86031
1.91285
1.99067
2.08716
2.18923
2.28254
2.35171
2.38255
2.37133
2.31845
2.23567
2.13472
2.03811
1.96201
1.91931
1.92266
1.96843
2.05247
2.16101
2.27145
2.35962
2.40591
2.40259
2.35591
2.28941
2.22234
2.16825
2.1319
2.11213
2.1056
2.10862
2.11736
2.12702
2.13798
2.15485
2.1857
2.24159
2.32427
2.42955
2.54181
2.64229
2.71933
2.76612
2.79267
2.80878
2.82153
2.83915
2.86048
2.87932
2.88588
2.87449
2.83796
2.78174
2.71005
2.63387
2.56723
2.52349
2.51185
2.5363
2.59174
2.66451
2.73507
2.77964
2.7812
2.74253
2.66879
2.5784
2.48579
2.40357
2.33143
2.26321
2.18845
2.10706
2.02102
1.935
1.85742
1.79334
1.75276
1.73868
1.75103
1.78879
1.84213
1.90076
1.95277
1.98696
1.99728
1.97838
1.94014
1.89127
1.85056
1.82821
1.83623
1.86704
1.92
1.98549
2.05927
2.13481
2.21236
2.28558
2.3546
2.4114
2.45341
2.47814
2.48769
2.48306
2.46535
2.43637
2.39179
2.3321
2.25847
2.17131
2.07922
1.98217
1.88445
1.79118
1.71103
1.65101
1.62218
1.63223
1.69181
1.80569
1.96817
2.16757
2.37779
2.56504
2.70559
2.78391
2.8069
2.79124
2.75666
2.71803
2.67785
2.63479
2.5777
2.5039
2.41347
2.31193
2.21275
2.12348
2.0484
1.98641
1.93523
1.88816
1.84504
1.81072
1.79658
1.81418
1.86873
1.95786
2.06553
2.16103
2.22252
2.24018
2.21857
2.17707
2.13776
2.11319
2.10613
2.11452
2.13382
2.15413
2.16663
2.17247
2.17453
2.17407
2.16598
2.14004
2.08655
2.00975
1.92429
1.85461
1.81702
1.82743
1.88903
1.99919
2.14378
2.30805
2.47422
2.62483
2.75099
2.84203
2.89324
2.91287
2.90751
2.88467
2.85666
2.82991
2.81175
2.79638
2.7763
2.74933
2.70993
2.65414
2.58256
2.49637
2.4004
2.30372
2.21405
2.13644
2.06675
1.99815
1.91971
1.82373
1.71883
1.61786
1.54492
1.51231
1.52937
1.59061
1.69351
1.82642
1.97709
2.13088
2.27581
2.40149
2.49772
2.56005
2.59225
2.60127
2.59675
2.58836
2.58122
2.57702
2.57425
2.5682
2.54998
2.51667
2.46676
2.40717
2.34215
2.27585
2.21487
2.16108
2.11455
2.0833
2.0679
2.07445
2.09785
2.13897
2.2009
2.28314
2.38342
2.4986
2.61705
2.72312
2.80478
2.85596
2.87386
2.86409
2.83394
2.78974
2.73559
2.67605
2.61374
2.54895
2.47917
2.40453
2.32607
2.2466
2.1728
2.10752
2.05841
2.02436
1.99903
1.97318
1.9441
1.91519
1.89011
1.87035
1.86376
1.87532
1.9096
1.96097
2.02574
2.09376
2.14586
2.16854
2.15597
2.10981
2.04415
1.9742
1.91528
1.88005
1.87111
1.88609
1.91833
1.96023
2.00077
2.03287
2.05251
2.06147
2.05245
2.03005
1.98975
1.93261
1.86105
1.78166
1.70567
1.64175
1.59896
1.58302
1.59196
1.62339
1.67092
1.73543
1.81074
1.89802
1.99804
2.10604
2.22128
2.3359
2.44311
2.53476
2.60378
2.64039
2.63848
2.59613
2.52275
2.43369
2.34645
2.27778
2.23815
2.22848
2.24582
2.28247
2.33174
2.39131
2.45897
2.53382
2.61392
2.69086
2.75538
2.79732
2.80812
2.78245
2.7249
2.6429
2.55079
2.46528
2.39786
2.35274
2.33111
2.32814
2.33554
2.34492
2.34974
2.34871
2.34661
2.35076
2.36952
2.40447
2.44931
2.50034
2.54707
2.58226
2.60506
2.61744
2.6214
2.62829
2.6432
2.6657
2.69467
2.72675
2.75904
2.79201
2.8283
2.86246
2.89128
2.90747
2.91332
2.91165
2.90591
2.90481
2.90333
2.88723
2.83625
2.73718
2.59335
2.42412
2.25097
2.0919
1.95949
1.86288
1.80576
1.78405
1.7881
1.80692
1.8203
1.81951
1.80684
1.79222
1.78447
1.79451
1.82781
1.88012
1.94755
2.02137
2.10262
2.18677
2.27338
2.35147
2.4076
2.43049
2.41479
2.35959
2.27553
2.17117
2.06018
1.95713
1.87558
1.82743
1.813
1.84029
1.9061
2.00658
2.13634
2.28415
2.43663
2.57596
2.68481
2.75312
2.77362
2.74604
2.68321
2.60433
2.52745
2.46569
2.42991
2.41904
2.42797
2.44668
2.46971
2.49113
2.50618
2.51387
2.5168
2.5141
2.5101
2.50894
2.51144
2.52334
2.54738
2.58135
2.62401
2.6713
2.72329
2.7699
2.80028
2.8015
2.77199
2.71442
2.64107
2.57409
2.52942
2.51977
2.54799
2.61114
2.69313
2.78053
2.85058
2.88798
2.88901
2.86533
2.8319
2.80684
2.80338
2.81715
2.83877
2.85192
2.83868
2.78596
2.6875
2.54969
2.38467
2.20824
2.03321
1.87355
1.74713
1.66268
1.62676
1.63228
1.66918
1.72013
1.7662
1.80157
1.82795
1.85497
1.89175
1.93552
1.9805
2.01764
2.04389
2.05508
2.05296
2.03424
2.00316
1.96425
1.92481
1.89314
1.88424
1.90129
1.94294
2.00099
2.05997
2.1051
2.13766
2.15233
2.15323
2.13678
2.11288
2.07777
2.04097
2.00273
1.96466
1.92935
1.90213
1.88316
1.87698
1.88144
1.89661
1.91792
1.9368
1.94575
1.94431
1.93863
1.93572
1.94847
1.98256
2.03937
2.1138
2.19786
2.28086
2.34807
2.39226
2.40415
2.37711
2.31174
2.21524
2.09651
1.97399
1.86747
1.79214
1.753
1.74701
1.76563
1.80287
1.84969
1.89643
1.93669
1.96846
1.99948
2.03076
2.05915
2.07737
2.07453
2.05437
2.02836
2.02012
2.03875
2.08928
2.16743
2.25968
2.34059
2.38932
2.38991
2.34578
2.2765
2.20724
2.16065
2.14633
2.16964
2.22969
2.31816
2.42824
2.54529
2.65517
2.73623
2.77653
2.76774
2.70816
2.60817
2.48667
2.36057
2.25248
2.1739
2.13468
2.13854
2.17607
2.24084
2.31712
2.39064
2.44701
2.48205
2.49269
2.48255
2.45947
2.43916
2.43499
2.45776
2.5082
2.57176
2.63016
2.67008
2.6856
2.6875
2.68085
2.66583
2.63793
2.58253
2.49737
2.37946
2.2389
2.09426
1.95919
1.84919
1.77121
1.73539
1.7442
1.79539
1.88789
2.00797
2.14571
2.28469
2.40929
2.5002
2.5535
2.56521
2.53795
2.48577
2.41927
2.35494
2.30651
2.28167
2.28149
2.2935
2.30831
2.31371
2.30215
2.27706
2.24308
2.21139
2.18844
2.17498
2.1692
2.16574
2.16082
2.15748
2.15092
2.13992
2.12182
2.08971
2.04331
1.98712
1.92313
1.8597
1.81068
1.78241
1.78646
1.83301
1.92002
2.03857
2.17441
2.30334
2.40609
2.46533
2.47817
2.44989
2.39185
2.32066
2.2559
2.20765
2.18863
2.19758
2.22956
2.27286
2.31944
2.36452
2.41167
2.46121
2.5086
2.55078
2.57711
2.58608
2.58029
2.56925
2.55949
2.56167
2.57056
2.58889
2.59956
2.59125
2.5514
2.4776
2.37853
2.26749
2.17067
2.10353
2.07259
2.07686
2.10588
2.14175
2.17024
2.18733
2.197
2.20503
2.21851
2.23623
2.25468
2.27143
2.28356
2.29399
2.30952
2.33639
2.37722
2.43557
2.49913
2.5626
2.61345
2.64857
2.66249
2.65734
2.6403
2.61412
2.58341
2.54891
2.51081
2.47077
2.42681
2.38583
2.34767
2.31392
2.28911
2.28201
2.29072
2.31189
2.33603
2.35167
2.34863
2.32006
2.26679
2.1958
2.12232
2.0557
2.00587
1.9794
1.97284
1.98456
2.01087
2.03761
2.05844
2.07066
2.07254
2.07018
2.07549
2.09671
2.1416
2.21953
2.32381
2.44676
2.56907
2.67623
2.75571
2.802
2.81175
2.79021
2.7457
2.69214
2.64707
2.61451
2.60642
2.61662
2.63385
2.64556
2.63836
2.60363
2.53432
2.43242
2.30926
2.18321
2.07206
1.99119
1.94243
1.92824
1.93298
1.95431
1.97517
1.99444
2.00835
2.01919
2.03304
2.05516
2.09015
2.13753
2.19647
2.26637
2.34292
2.42146
2.50344
2.58116
2.65181
2.68747
2.65963
2.55488
2.39807
2.22676
2.06944
1.94206
1.85374
1.80244
1.77861
1.77912
1.80076
1.8401
1.89273
1.95479
2.02276
2.09011
2.14608
2.18847
2.2149
2.22995
2.23909
2.23972
2.22526
2.18596
2.12218
2.04056
1.9562
1.88817
1.85453
1.8657
1.9256
2.02946
2.16126
2.29642
2.41854
2.51377
2.5817
2.62415
2.65002
2.66182
2.66454
2.66216
2.65279
2.63487
2.6112
2.57722
2.52923
2.46404
2.38393
2.30148
2.23031
2.18154
2.15885
2.15643
2.16356
2.17567
2.19256
2.21707
2.26255
2.32534
2.40416
2.48418
2.54992
2.5913
2.60362
2.59386
2.56991
2.53885
2.5154
2.50871
2.5204
2.55489
2.60309
2.65721
2.70741
2.7356
2.73733
2.71665
2.6804
2.64259
2.61295
2.59207
2.58463
2.58282
2.57671
2.56098
2.53102
2.49118
2.44942
2.41685
2.40553
2.41535
2.44624
2.4846
2.52276
2.54857
2.55573
2.55227
2.54065
2.52938
2.5246
2.52576
2.53234
2.54045
2.54433
2.54056
2.52039
2.48582
2.44118
2.39343
2.34968
2.31192
2.28992
2.29054
2.31884
2.36614
2.41699
2.44359
2.4239
2.35216
2.23014
2.07369
1.90961
1.76014
1.64427
1.57366
1.54667
1.55293
1.58432
1.63038
1.67899
1.72963
1.78106
1.83806
1.89804
1.96233
2.02796
2.08805
2.14187
2.20152
2.27925
2.38124
2.5002
2.61967
2.72727
2.80631
2.84861
2.85125
2.81255
2.74401
2.6657
2.5858
2.51118
2.43488
2.35099
2.26308
2.17229
2.08024
1.99359
1.91619
1.85383
1.81535
1.79949
1.80781
1.83912
1.8846
1.94234
2.00723
2.07856
2.15506
2.23613
2.31846
2.39609
2.46605
2.5241
2.5665
2.58958
2.592
2.57751
2.55276
2.52708
2.50768
2.49339
2.48675
2.4799
2.47108
2.46368
2.46398
2.47818
2.50674
2.54891
2.59548
2.64272
2.68889
2.73775
2.78854
2.84521
2.90029
2.93778
2.94103
2.8968
2.80094
2.66426
2.51096
2.3668
2.24878
2.16885
2.13169
2.13724
2.17248
2.22007
2.26109
2.2751
2.24763
2.18043
2.08627
1.98671
1.90442
1.85699
1.85501
1.904
1.99144
2.10203
2.21404
2.3077
2.35867
2.35265
2.28202
2.15726
1.99971
1.83546
1.68537
1.56369
1.47617
1.41955
1.39349
1.39699
1.42929
1.48929
1.57192
1.66908
1.76684
1.84902
1.90633
1.92443
1.90317
1.84871
1.77112
1.68825
1.61782
1.57041
1.54781
1.54794
1.55505
1.55888
1.55587
1.5442
1.5316
1.51824
1.50115
1.47815
1.45348
1.43604
1.43012
1.43941
1.46688
1.50709
1.55678
1.61067
1.66426
1.71623
1.75645
1.78352
1.79205
1.78857
1.77316
1.75334
1.73228
1.71275
1.69318
1.68563
1.69501
1.72409
1.78047
1.85704
1.94987
2.03846
2.11318
2.16276
2.189
2.1883
2.16712
2.13759
2.10829
2.08807
2.07252
2.05828
2.0418
2.02023
2.00262
1.99327
1.9957
2.00893
2.02705
2.04819
2.06922
2.08969
2.10841
2.12677
2.14411
2.15884
2.16518
2.16722
2.16471
2.16083
2.16437
2.17832
2.20366
2.23273
2.24592
2.22829
2.17592
2.09892
2.023
1.97146
1.96936
2.0271
2.14715
2.32022
2.52293
2.72176
2.89086
3.00516
3.05877
3.05048
2.99123
2.89325
2.7752
2.64708
2.51643
2.39112
2.27157
2.15631
2.05176
1.96533
1.90347
1.87419
1.88201
1.9314
2.02148
2.14179
2.276
2.40068
2.49494
2.54673
2.55412
2.52769
2.48719
2.445
2.41353
2.40098
2.40754
2.42744
2.45438
2.47921
2.50122
2.52028
2.54418
2.58355
2.64322
2.72183
2.81889
2.92773
3.03844
3.13734
3.20861
3.24193
3.23627
3.19696
3.13897
3.07757
3.01983
2.96137
2.89337
2.81208
2.71594
2.61399
2.51327
2.4184
2.32825
2.2463
2.17425
2.11011
2.06317
2.03455
2.01401
1.9921
1.95991
1.92394
1.89746
1.89273
1.9112
1.95367
2.01474
2.09194
2.18908
2.29969
2.41467
2.51912
2.59034
2.60924
2.57298
2.50004
2.41288
2.32998
2.26787
2.23334
2.22926
2.25809
2.31957
2.41376
2.53706
2.67633
2.81962
2.94547
3.02532
3.04108
2.98366
2.85434
2.67334
2.4725
2.27935
2.11361
1.987
1.90276
1.85783
1.84631
1.86205
1.89498
1.9337
1.96848
1.99314
2.0032
1.99979
1.9801
1.94699
1.90845
1.87098
1.83769
1.81084
1.78816
1.76523
1.73982
1.7137
1.68642
1.65367
1.61282
1.56358
1.50769
1.45101
1.40296
1.36917
1.35382
1.35617
1.37087
1.39783
1.43295
1.47737
1.53654
1.61671
1.71443
1.82128
1.91644
1.97945
2.00424
1.99935
1.9769
1.95563
1.94811
1.96038
1.98841
2.0299
2.0797
2.14008
2.21314
2.28858
2.36106
2.4229
2.47338
2.49994
2.49616
2.45661
2.38461
2.30264
2.23338
2.20159
2.21419
2.27017
2.35305
2.44815
2.53858
2.61434
2.67192
2.70342
2.71014
2.69193
2.66476
2.64893
2.66188
2.70974
2.79286
2.90484
3.03673
3.1758
3.30363
3.40257
3.45871
3.46232
3.41505
3.32307
3.19474
3.04026
2.86547
2.6838
2.51207
2.36645
2.26052
2.19737
2.17086
2.17438
2.19232
2.20421
2.20003
2.16802
2.10957
2.02931
1.94202
1.85698
1.79028
1.75207
1.75227
1.78857
1.84818
1.91061
1.95836
1.99253
2.02972
2.09019
2.17593
2.27778
2.38396
2.46879
2.51633
2.52292
2.49425
2.45416
2.42005
2.40356
2.40638
2.42577
2.45955
2.50777
2.56421
2.62685
2.69284
2.7605
2.82677
2.8864
2.93653
2.97012
2.97565
2.9467
2.87963
2.78095
2.65827
2.52727
2.40387
2.29519
2.19791
2.11074
2.03112
1.95985
1.90114
1.86119
1.84564
1.85473
1.88836
1.94686
2.01745
2.08492
2.12262
2.1094
2.04189
1.92941
1.79362
1.65588
1.52913
1.42343
1.34156
1.28014
1.23623
1.20424
1.18607
1.18659
1.20994
1.25427
1.31929
1.40137
1.49434
1.59648
1.70126
1.80047
1.88463
1.94689
1.98131
1.98776
1.96668
1.92418
1.86995
1.81795
1.77437
1.74512
1.73693
1.74361
1.75854
1.77333
1.77966
1.77709
1.76402
0.0568198
0.056819
0.0568176
0.0568156
0.0568129
0.0568097
0.0568059
0.0568015
0.0567965
0.0567909
0.0567846
0.0567775
0.0567697
0.0567599
0.0567498
0.0567386
0.056726
0.0567145
0.0566997
0.0566846
0.0566694
0.056653
0.0566358
0.0566176
0.0565985
0.0565784
0.0565585
0.0565373
0.0565143
0.0564915
0.0564677
0.056443
0.0564166
0.0563888
0.056361
0.0563327
0.0563033
0.0562704
0.0562379
0.0562051
0.0561724
0.0561367
0.0561004
0.0560613
0.056022
0.0559809
0.0559384
0.0558932
0.0558465
0.0557985
0.0557488
0.0556965
0.0556433
0.0555879
0.0555298
0.0554698
0.055407
0.0553414
0.0552734
0.0552025
0.0551288
0.055052
0.0549712
0.0548868
0.0547994
0.0547081
0.0546127
0.0545141
0.0544111
0.0543034
0.0541908
0.0540736
0.0539519
0.0538253
0.0536941
0.0535582
0.0534196
0.0532762
0.053131
0.0529844
0.0528372
0.0526922
0.0525536
0.0524244
0.052311
0.0522217
0.0521688
0.0521651
0.0522303
0.0523879
0.0526642
0.053092
0.0537017
0.0545148
0.0555291
0.0567033
0.0579316
0.059041
0.059819
0.0600723
0.0596945
0.0587508
0.0574179
0.0559298
0.0545022
0.0532959
0.0524107
0.051902
0.0518023
0.0521327
0.0529119
0.0541488
0.0558283
0.0578904
0.0602121
0.0626038
0.0648367
0.0666966
0.0680361
0.0687912
0.0689524
0.0685356
0.0675807
0.066177
0.0644814
0.0627054
0.0610721
0.0597643
0.0588878
0.0584654
0.0584495
0.0587484
0.0592623
0.0599224
0.0607076
0.0616403
0.0627657
0.0641187
0.0656837
0.06739
0.069121
0.0707373
0.0721243
0.0732159
0.0739974
0.0744921
0.0747338
0.074744
0.0745258
0.0740695
0.0733466
0.072332
0.0710328
0.069467
0.0676722
0.0657006
0.0636216
0.0615096
0.059444
0.0575028
0.0557568
0.0542683
0.0530827
0.0522328
0.0517398
0.0516098
0.0518407
0.0524219
0.0533335
0.054557
0.0560767
0.0578893
0.060006
0.0624545
0.0652589
0.0684148
0.0718647
0.0754817
0.0790878
0.0824538
0.0852554
0.0870204
0.0872253
0.0856004
0.0824045
0.0783325
0.0741308
0.0702955
0.0670167
0.0642873
0.0620149
0.0601025
0.0584693
0.0570611
0.0558373
0.0547686
0.0538264
0.0529814
0.0522118
0.0514976
0.0508479
0.0502336
0.049666
0.0491724
0.0487892
0.048557
0.048521
0.0487192
0.0491761
0.0498982
0.0508623
0.052006
0.0532316
0.0544209
0.0554477
0.0562093
0.0566441
0.0567494
0.0565706
0.0561894
0.0556988
0.0551895
0.0547289
0.0543532
0.0540662
0.0538418
0.0536399
0.0534236
0.0531698
0.0528789
0.0525765
0.0523048
0.0521175
0.0520701
0.0522144
0.0525934
0.0532374
0.0541606
0.0553516
0.0567702
0.0583385
0.0599582
0.0615216
0.062943
0.0641773
0.0652119
0.066051
0.0666907
0.0671084
0.0672816
0.0671987
0.0669028
0.0664524
0.0659235
0.0653856
0.0648927
0.064475
0.064142
0.0638933
0.0637198
0.0636199
0.0635882
0.0635952
0.0635419
0.0632534
0.0625197
0.0611919
0.0592789
0.0569632
0.0545245
0.0522288
0.050256
0.0486877
0.0475295
0.0467445
0.0462853
0.0461052
0.04617
0.0464609
0.0469724
0.0477086
0.0486737
0.0498705
0.0512839
0.0528785
0.054587
0.0563291
0.0580181
0.05959
0.0610214
0.0623309
0.0635586
0.0647349
0.0658384
0.0667775
0.0673952
0.0675169
0.0670232
0.0659101
0.0643025
0.0624067
0.060428
0.0585272
0.0567966
0.0552758
0.0539652
0.0528539
0.0519287
0.0511819
0.05062
0.0502585
0.0501266
0.0502498
0.0506386
0.0512666
0.0520398
0.0527865
0.0532734
0.0532694
0.0526406
0.0514125
0.0497593
0.0479305
0.0461586
0.0446042
0.0433587
0.0424514
0.0418758
0.0416145
0.0416478
0.0419583
0.042536
0.04337
0.04445
0.0457563
0.0472529
0.0488842
0.0505741
0.0522296
0.0537484
0.0550304
0.0559931
0.0565821
0.0567869
0.0566426
0.0562253
0.0556354
0.0549628
0.0542683
0.0535642
0.0528135
0.0519808
0.0510316
0.0499583
0.0487868
0.0475715
0.0463779
0.0452698
0.0442954
0.043487
0.0428581
0.0424115
0.0421421
0.042039
0.0420919
0.0422898
0.042624
0.0430889
0.0436785
0.0443897
0.0452178
0.0461585
0.0471983
0.0483224
0.0495037
0.050712
0.0519085
0.0530526
0.0541063
0.0550394
0.0558384
0.0565132
0.0571051
0.0576799
0.058324
0.0591168
0.0601014
0.0612602
0.0624881
0.0636036
0.0643835
0.0646281
0.0642288
0.0632039
0.0616895
0.0598865
0.0579958
0.0561773
0.0545312
0.0531046
0.0519133
0.050952
0.0502126
0.0496868
0.0493669
0.049242
0.0492955
0.04951
0.0498622
0.0503284
0.0508864
0.0515172
0.0522117
0.0529654
0.0537782
0.0546412
0.0555244
0.0563646
0.0570533
0.0574566
0.0574373
0.0569016
0.055838
0.0543211
0.0524884
0.0505008
0.0485023
0.0466076
0.0448887
0.0433827
0.0421055
0.0410568
0.0402298
0.0396099
0.0391879
0.0389537
0.0389008
0.0390219
0.0393142
0.039774
0.040394
0.0411689
0.0420838
0.043123
0.0442669
0.045497
0.0467986
0.0481662
0.0496047
0.0511269
0.0527409
0.0544787
0.0563627
0.0584028
0.0606007
0.0629348
0.0653526
0.067758
0.069995
0.071859
0.0731178
0.0735775
0.07315
0.0718922
0.069995
0.0677165
0.0653057
0.0629537
0.06077
0.0587944
0.0570201
0.0554117
0.0539316
0.0525421
0.0512176
0.049941
0.0487071
0.0475148
0.0463695
0.0452779
0.0442485
0.04329
0.0424129
0.0416285
0.0409465
0.0403792
0.0399375
0.0396346
0.0394856
0.0395064
0.0397103
0.0401162
0.0407397
0.0415955
0.0426973
0.0440526
0.0456651
0.0475278
0.0496234
0.0519247
0.0543792
0.056936
0.05953
0.0620787
0.0644885
0.0666538
0.068461
0.0698014
0.0705809
0.0707389
0.0702725
0.0692333
0.0677285
0.0658951
0.0638765
0.0618022
0.059775
0.0578701
0.0561448
0.0546483
0.0534277
0.0525355
0.0520233
0.0519283
0.0522512
0.0529232
0.053777
0.0545496
0.0549351
0.0547027
0.0538069
0.0524025
0.0507719
0.0492011
0.0478957
0.0469598
0.0464106
0.0462132
0.0462977
0.0465771
0.0469609
0.04736
0.0477036
0.0479484
0.0480881
0.0481487
0.0481803
0.0482338
0.048346
0.0485154
0.0487014
0.0488348
0.0488312
0.0486268
0.0482147
0.0476545
0.0470686
0.0466074
0.0464205
0.0466271
0.0472923
0.0484068
0.0498633
0.0514517
0.0529007
0.0539596
0.054495
0.0545417
0.0542461
0.0537726
0.0532208
0.0526123
0.0519211
0.0511233
0.0502245
0.0492607
0.048281
0.0473307
0.0464405
0.0456266
0.0448959
0.0442551
0.0437094
0.0432654
0.0429322
0.0427139
0.0426121
0.0426198
0.0427185
0.042887
0.0430926
0.0432991
0.043473
0.0435869
0.0436262
0.0435918
0.0434936
0.0433548
0.043201
0.0430582
0.0429428
0.0428611
0.0428177
0.0428165
0.0428598
0.0429583
0.0431305
0.0434001
0.0437998
0.0443621
0.0451178
0.0460838
0.0472589
0.0486115
0.0500819
0.0515726
0.0529709
0.054172
0.0551138
0.0557978
0.056295
0.056718
0.057189
0.0578063
0.058628
0.0596636
0.0608833
0.0622183
0.0635772
0.0648541
0.0659442
0.0667609
0.0672474
0.0673899
0.0672163
0.0667878
0.0661834
0.0654825
0.0647501
0.0640239
0.0633143
0.0626007
0.0618372
0.0609696
0.0599426
0.0587155
0.0572743
0.0556334
0.0538304
0.0519182
0.0499754
0.0480261
0.0461252
0.044332
0.0427111
0.0413323
0.0402644
0.0395773
0.039331
0.0395789
0.0403511
0.0416413
0.0433875
0.045466
0.0477019
0.0499165
0.0519964
0.0539478
0.0558853
0.0579716
0.0603303
0.0629851
0.0658433
0.0687156
0.0713691
0.0735778
0.0751706
0.076066
0.0762817
0.0759359
0.0752225
0.0743667
0.0735538
0.0728621
0.0722154
0.0713919
0.0701072
0.068147
0.0654843
0.0622907
0.0588496
0.0554444
0.052276
0.0494512
0.0470023
0.0449128
0.0431446
0.0416546
0.0403994
0.0393444
0.0384596
0.0377215
0.0371145
0.036626
0.0362451
0.0359649
0.035776
0.0356747
0.0356521
0.0357048
0.0358241
0.0360015
0.0362312
0.0365056
0.0368174
0.0371628
0.037536
0.0379352
0.0383643
0.0388275
0.0393324
0.0398879
0.0405041
0.0411908
0.0419523
0.0427906
0.0436987
0.0446575
0.0456395
0.0466037
0.0475065
0.0483032
0.048966
0.0494905
0.0499055
0.0502754
0.050696
0.051279
0.0521427
0.0533905
0.0551029
0.0573123
0.0599866
0.0630049
0.0661394
0.0690692
0.0714263
0.0728773
0.0732198
0.0724418
0.0706647
0.0682355
0.065473
0.0626354
0.0598993
0.057364
0.0550661
0.0530035
0.0511634
0.0495269
0.0480799
0.0468125
0.0457182
0.0447921
0.0440284
0.0434213
0.0429696
0.0426728
0.0425303
0.042549
0.042733
0.0430892
0.0436232
0.0443349
0.0452199
0.0462658
0.0474493
0.0487398
0.0500999
0.0514816
0.0528364
0.0541099
0.0552475
0.0562014
0.0569238
0.0573732
0.0575203
0.0573523
0.0568733
0.0561096
0.0551047
0.0539138
0.052594
0.0512038
0.0497927
0.0484066
0.0470821
0.0458474
0.0447223
0.0437183
0.0568198
0.056819
0.0568176
0.0568156
0.0568129
0.0568097
0.0568059
0.0568015
0.0567965
0.0567909
0.0567846
0.0567775
0.0567697
0.0567599
0.0567498
0.0567386
0.056726
0.0567145
0.0566997
0.0566846
0.0566694
0.056653
0.0566358
0.0566176
0.0565985
0.0565784
0.0565585
0.0565373
0.0565143
0.0564915
0.0564677
0.056443
0.0564166
0.0563888
0.056361
0.0563327
0.0563033
0.0562704
0.0562379
0.0562051
0.0561724
0.0561367
0.0561004
0.0560613
0.056022
0.0559809
0.0559384
0.0558932
0.0558465
0.0557985
0.0557488
0.0556965
0.0556433
0.0555879
0.0555298
0.0554698
0.055407
0.0553414
0.0552734
0.0552025
0.0551288
0.055052
0.0549712
0.0548868
0.0547994
0.0547081
0.0546127
0.0545141
0.0544111
0.0543034
0.0541908
0.0540736
0.0539519
0.0538253
0.0536941
0.0535582
0.0534196
0.0532762
0.053131
0.0529844
0.0528372
0.0526922
0.0525536
0.0524244
0.052311
0.0522217
0.0521688
0.0521651
0.0522303
0.0523879
0.0526642
0.053092
0.0537017
0.0545148
0.0555291
0.0567033
0.0579316
0.059041
0.059819
0.0600723
0.0596945
0.0587508
0.0574179
0.0559298
0.0545022
0.0532959
0.0524107
0.051902
0.0518023
0.0521327
0.0529119
0.0541488
0.0558283
0.0578904
0.0602121
0.0626038
0.0648367
0.0666966
0.0680361
0.0687912
0.0689524
0.0685356
0.0675807
0.066177
0.0644814
0.0627054
0.0610721
0.0597643
0.0588878
0.0584654
0.0584495
0.0587484
0.0592623
0.0599224
0.0607076
0.0616403
0.0627657
0.0641187
0.0656837
0.06739
0.069121
0.0707373
0.0721243
0.0732159
0.0739974
0.0744921
0.0747338
0.074744
0.0745258
0.0740695
0.0733466
0.072332
0.0710328
0.069467
0.0676722
0.0657006
0.0636216
0.0615096
0.059444
0.0575028
0.0557568
0.0542683
0.0530827
0.0522328
0.0517398
0.0516098
0.0518407
0.0524219
0.0533335
0.054557
0.0560767
0.0578893
0.060006
0.0624545
0.0652589
0.0684148
0.0718647
0.0754817
0.0790878
0.0824538
0.0852554
0.0870204
0.0872253
0.0856004
0.0824045
0.0783325
0.0741308
0.0702955
0.0670167
0.0642873
0.0620149
0.0601025
0.0584693
0.0570611
0.0558373
0.0547686
0.0538264
0.0529814
0.0522118
0.0514976
0.0508479
0.0502336
0.049666
0.0491724
0.0487892
0.048557
0.048521
0.0487192
0.0491761
0.0498982
0.0508623
0.052006
0.0532316
0.0544209
0.0554477
0.0562093
0.0566441
0.0567494
0.0565706
0.0561894
0.0556988
0.0551895
0.0547289
0.0543532
0.0540662
0.0538418
0.0536399
0.0534236
0.0531698
0.0528789
0.0525765
0.0523048
0.0521175
0.0520701
0.0522144
0.0525934
0.0532374
0.0541606
0.0553516
0.0567702
0.0583385
0.0599582
0.0615216
0.062943
0.0641773
0.0652119
0.066051
0.0666907
0.0671084
0.0672816
0.0671987
0.0669028
0.0664524
0.0659235
0.0653856
0.0648927
0.064475
0.064142
0.0638933
0.0637198
0.0636199
0.0635882
0.0635952
0.0635419
0.0632534
0.0625197
0.0611919
0.0592789
0.0569632
0.0545245
0.0522288
0.050256
0.0486877
0.0475295
0.0467445
0.0462853
0.0461052
0.04617
0.0464609
0.0469724
0.0477086
0.0486737
0.0498705
0.0512839
0.0528785
0.054587
0.0563291
0.0580181
0.05959
0.0610214
0.0623309
0.0635586
0.0647349
0.0658384
0.0667775
0.0673952
0.0675169
0.0670232
0.0659101
0.0643025
0.0624067
0.060428
0.0585272
0.0567966
0.0552758
0.0539652
0.0528539
0.0519287
0.0511819
0.05062
0.0502585
0.0501266
0.0502498
0.0506386
0.0512666
0.0520398
0.0527865
0.0532734
0.0532694
0.0526406
0.0514125
0.0497593
0.0479305
0.0461586
0.0446042
0.0433587
0.0424514
0.0418758
0.0416145
0.0416478
0.0419583
0.042536
0.04337
0.04445
0.0457563
0.0472529
0.0488842
0.0505741
0.0522296
0.0537484
0.0550304
0.0559931
0.0565821
0.0567869
0.0566426
0.0562253
0.0556354
0.0549628
0.0542683
0.0535642
0.0528135
0.0519808
0.0510316
0.0499583
0.0487868
0.0475715
0.0463779
0.0452698
0.0442954
0.043487
0.0428581
0.0424115
0.0421421
0.042039
0.0420919
0.0422898
0.042624
0.0430889
0.0436785
0.0443897
0.0452178
0.0461585
0.0471983
0.0483224
0.0495037
0.050712
0.0519085
0.0530526
0.0541063
0.0550394
0.0558384
0.0565132
0.0571051
0.0576799
0.058324
0.0591168
0.0601014
0.0612602
0.0624881
0.0636036
0.0643835
0.0646281
0.0642288
0.0632039
0.0616895
0.0598865
0.0579958
0.0561773
0.0545312
0.0531046
0.0519133
0.050952
0.0502126
0.0496868
0.0493669
0.049242
0.0492955
0.04951
0.0498622
0.0503284
0.0508864
0.0515172
0.0522117
0.0529654
0.0537782
0.0546412
0.0555244
0.0563646
0.0570533
0.0574566
0.0574373
0.0569016
0.055838
0.0543211
0.0524884
0.0505008
0.0485023
0.0466076
0.0448887
0.0433827
0.0421055
0.0410568
0.0402298
0.0396099
0.0391879
0.0389537
0.0389008
0.0390219
0.0393142
0.039774
0.040394
0.0411689
0.0420838
0.043123
0.0442669
0.045497
0.0467986
0.0481662
0.0496047
0.0511269
0.0527409
0.0544787
0.0563627
0.0584028
0.0606007
0.0629348
0.0653526
0.067758
0.069995
0.071859
0.0731178
0.0735775
0.07315
0.0718922
0.069995
0.0677165
0.0653057
0.0629537
0.06077
0.0587944
0.0570201
0.0554117
0.0539316
0.0525421
0.0512176
0.049941
0.0487071
0.0475148
0.0463695
0.0452779
0.0442485
0.04329
0.0424129
0.0416285
0.0409465
0.0403792
0.0399375
0.0396346
0.0394856
0.0395064
0.0397103
0.0401162
0.0407397
0.0415955
0.0426973
0.0440526
0.0456651
0.0475278
0.0496234
0.0519247
0.0543792
0.056936
0.05953
0.0620787
0.0644885
0.0666538
0.068461
0.0698014
0.0705809
0.0707389
0.0702725
0.0692333
0.0677285
0.0658951
0.0638765
0.0618022
0.059775
0.0578701
0.0561448
0.0546483
0.0534277
0.0525355
0.0520233
0.0519283
0.0522512
0.0529232
0.053777
0.0545496
0.0549351
0.0547027
0.0538069
0.0524025
0.0507719
0.0492011
0.0478957
0.0469598
0.0464106
0.0462132
0.0462977
0.0465771
0.0469609
0.04736
0.0477036
0.0479484
0.0480881
0.0481487
0.0481803
0.0482338
0.048346
0.0485154
0.0487014
0.0488348
0.0488312
0.0486268
0.0482147
0.0476545
0.0470686
0.0466074
0.0464205
0.0466271
0.0472923
0.0484068
0.0498633
0.0514517
0.0529007
0.0539596
0.054495
0.0545417
0.0542461
0.0537726
0.0532208
0.0526123
0.0519211
0.0511233
0.0502245
0.0492607
0.048281
0.0473307
0.0464405
0.0456266
0.0448959
0.0442551
0.0437094
0.0432654
0.0429322
0.0427139
0.0426121
0.0426198
0.0427185
0.042887
0.0430926
0.0432991
0.043473
0.0435869
0.0436262
0.0435918
0.0434936
0.0433548
0.043201
0.0430582
0.0429428
0.0428611
0.0428177
0.0428165
0.0428598
0.0429583
0.0431305
0.0434001
0.0437998
0.0443621
0.0451178
0.0460838
0.0472589
0.0486115
0.0500819
0.0515726
0.0529709
0.054172
0.0551138
0.0557978
0.056295
0.056718
0.057189
0.0578063
0.058628
0.0596636
0.0608833
0.0622183
0.0635772
0.0648541
0.0659442
0.0667609
0.0672474
0.0673899
0.0672163
0.0667878
0.0661834
0.0654825
0.0647501
0.0640239
0.0633143
0.0626007
0.0618372
0.0609696
0.0599426
0.0587155
0.0572743
0.0556334
0.0538304
0.0519182
0.049948
0.0479796
0.0460712
0.044281
0.0426745
0.0413217
0.0402943
0.0396634
0.0394928
0.0398378
0.0407291
0.0421533
0.0440376
0.0462407
0.0485711
0.0508427
0.0529545
0.0549388
0.0569364
0.0591229
0.0616113
0.0644002
0.0673643
0.070284
0.0729106
0.0750156
0.0764408
0.0771317
0.0771406
0.076624
0.075805
0.0749155
0.0741142
0.0734215
0.072686
0.0716311
0.0699753
0.0675813
0.0645277
0.0610695
0.0575166
0.0541245
0.0510507
0.0483587
0.0460505
0.0440932
0.0424423
0.0410517
0.0398817
0.0388993
0.0380758
0.0373918
0.0368336
0.0363872
0.0360465
0.0358012
0.0356455
0.0355721
0.0355771
0.0356534
0.0357907
0.0359825
0.0362232
0.0365055
0.0368215
0.0371664
0.0375398
0.0379409
0.0383746
0.0388482
0.0393703
0.0399537
0.0406054
0.0413375
0.0421541
0.0430525
0.0440187
0.0450316
0.0460555
0.0470479
0.047965
0.0487733
0.0494588
0.050038
0.0505663
0.0511295
0.0518382
0.0528105
0.0541568
0.0559621
0.0582651
0.0610319
0.0641292
0.0673095
0.0702229
0.0724772
0.0737308
0.0737999
0.0727144
0.0706927
0.0680536
0.065124
0.0621636
0.0593422
0.0567477
0.0544103
0.0523267
0.0504818
0.0488597
0.0474473
0.0462377
0.0452231
0.0443983
0.0437553
0.04329
0.0429969
0.0428717
0.0429126
0.0431207
0.0434987
0.0440507
0.0447751
0.0456703
0.0467267
0.047926
0.0492401
0.0506311
0.0520527
0.0534507
0.0547657
0.0559363
0.0569052
0.0576207
0.05804
0.058134
0.057892
0.0573258
0.0564654
0.0553602
0.0540674
0.0526491
0.0511638
0.0496616
0.048187
0.046778
0.0454658
0.0442737
0.0432198
0.0423136
0.0415545
0.0409381
0.0404518
0.0400759
0.0397903
0.039575
0.0394086
0.0392735
0.039154
0.0390389
0.0389199
0.0387918
0.0386531
0.0385023
0.0383406
0.03817
0.0379953
0.0378207
0.0376523
0.0374969
0.0373616
0.0372541
0.0371847
0.0371618
0.0371971
0.0373006
0.0374874
0.0377714
0.0381726
0.0387134
0.0394165
0.0403126
0.0414265
0.0427796
0.0443727
0.0461738
0.0480994
0.0500038
0.0516868
0.0529459
0.0536322
0.0537179
0.0532988
0.0525543
0.0516753
0.050814
0.0500624
0.0494571
0.0489983
0.0486633
0.0484205
0.0482362
0.0480791
0.0479235
0.0477471
0.0475367
0.0472799
0.0469742
0.0466191
0.0462202
0.045785
0.0453211
0.0448403
0.0443509
0.0438642
0.0433869
0.0429249
0.0424842
0.0420667
0.0416754
0.0413132
0.0409799
0.0406759
0.0404025
0.0401608
0.0399495
0.0397699
0.0396226
0.0395073
0.0394225
0.0393675
0.0393417
0.0393433
0.0393704
0.03942
0.0394897
0.0395774
0.0396797
0.0397975
0.0399293
0.0400743
0.0402348
0.0404135
0.0406148
0.0408456
0.0411153
0.0414312
0.0418078
0.0422524
0.0427785
0.0433959
0.0441059
0.0449098
0.045797
0.046749
0.047741
0.0487428
0.0497223
0.0506559
0.0515272
0.0523306
0.0530678
0.0537448
0.0543666
0.0549326
0.0554417
0.0558865
0.0562595
0.0565504
0.0567436
0.0568178
0.0567437
0.0564866
0.0560184
0.0553252
0.0544156
0.0533304
0.0521272
0.0508814
0.0496671
0.0485531
0.0475945
0.0468272
0.046273
0.0459368
0.0458103
0.0458693
0.0460805
0.0464008
0.0467801
0.0471664
0.0475092
0.0477685
0.0479145
0.0479302
0.047814
0.047573
0.0472253
0.0467893
0.0462933
0.0457628
0.0452295
0.0447239
0.0442802
0.0439272
0.0436904
0.0435881
0.0436313
0.0438186
0.0441428
0.0445805
0.0451042
0.0456802
0.0462724
0.0468491
0.0473804
0.0478438
0.0482193
0.0484868
0.0486249
0.0486132
0.0484297
0.0480617
0.047504
0.0467689
0.045882
0.0448845
0.0438252
0.0427553
0.0417239
0.0407749
0.0399431
0.0392522
0.0387209
0.0383595
0.0381702
0.038152
0.0382994
0.0386023
0.0390487
0.0396213
0.0402978
0.041053
0.041854
0.0426696
0.0434649
0.044208
0.0448705
0.0454303
0.0458785
0.0462151
0.0464516
0.0466102
0.0467194
0.0468146
0.0469357
0.0471251
0.047425
0.0478791
0.0485263
0.0494021
0.0505299
0.0519194
0.053556
0.0553918
0.0573384
0.0592559
0.0609556
0.0622222
0.0628516
0.0627062
0.0617646
0.0601349
0.0580221
0.0556745
0.0533184
0.0511281
0.0492074
0.0476012
0.0463094
0.0453024
0.0445322
0.0439485
0.0434964
0.0431284
0.0428025
0.042486
0.0421577
0.0418054
0.0414286
0.0410386
0.0406507
0.0402882
0.0399796
0.0397549
0.039646
0.0396848
0.0398991
0.0403092
0.0409263
0.0417442
0.0427297
0.0438275
0.0449578
0.0460283
0.0469503
0.0476589
0.0481191
0.0483243
0.0482841
0.048014
0.0475318
0.0468616
0.0460429
0.0451343
0.0442099
0.0433482
0.0426257
0.0421054
0.0418366
0.0418539
0.0421855
0.0428561
0.0438841
0.0452876
0.0470676
0.0491893
0.0515546
0.0539665
0.0561327
0.0577133
0.0584418
0.0582467
0.0572904
0.0558898
0.0543835
0.0530345
0.052
0.0513465
0.0510861
0.0512023
0.0516791
0.0525022
0.0536668
0.0551695
0.0570025
0.0591324
0.0614845
0.0639237
0.0662367
0.0681521
0.0693884
0.0697391
0.0691637
0.0678229
0.066035
0.0641789
0.0625894
0.0615044
0.0610503
0.0612551
0.0620613
0.0633374
0.0648966
0.0665139
0.0679606
0.0690278
0.0695582
0.0694546
0.0687018
0.0673691
0.0655974
0.0635678
0.0614576
0.059401
0.0574818
0.0557371
0.0541745
0.0527808
0.0515365
0.0504155
0.049393
0.0484439
0.0475545
0.0467223
0.0459593
0.0452887
0.0447492
0.0443799
0.0442216
0.0443083
0.0446682
0.0453181
0.0462689
0.0475192
0.0490517
0.0508132
0.0526923
0.0544901
0.0559199
0.0566649
0.0564972
0.0553962
0.0535692
0.0513598
0.0491178
0.0470988
0.0454474
0.0442182
0.0434091
0.0429965
0.0429425
0.043213
0.0437712
0.0445838
0.0456123
0.046821
0.0481728
0.0496294
0.0511558
0.0527219
0.0542989
0.0558598
0.0573672
0.0587695
0.0599892
0.0609245
0.0614489
0.0614408
0.0607993
0.0594849
0.0575404
0.0551012
0.0523748
0.0495852
0.046939
0.0445903
0.0426284
0.0410911
0.0399763
0.0392612
0.0389135
0.0388976
0.0391771
0.0397226
0.0405
0.0414802
0.0426258
0.0438991
0.0452546
0.0466423
0.0480105
0.0493089
0.0504948
0.0515337
0.0524044
0.0530919
0.0535901
0.0538943
0.0539976
0.0538933
0.0535798
0.0530575
0.0523374
0.0514407
0.0503934
0.0492311
0.0479955
0.0467287
0.0454755
0.0442761
0.0431684
0.0421831
0.0413418
0.0406596
0.0401454
0.0397954
0.0396028
0.0395509
0.0396181
0.0397747
0.0399895
0.0402288
0.0404583
0.040649
0.0407804
0.0408442
0.0408475
0.0408131
0.0407731
0.0407708
0.0408486
0.0410468
0.0413985
0.0419271
0.0426453
0.0435549
0.0446493
0.0459102
0.0473006
0.0487596
0.0501937
0.0514781
0.0524717
0.0530576
0.0531899
0.0529217
0.0523976
0.0518121
0.0513486
0.051135
0.051223
0.0515899
0.0521502
0.052791
0.0533906
0.0538465
0.0540929
0.0540996
0.0538752
0.0534494
0.0528695
0.0521933
0.0514784
0.0507793
0.0501412
0.0495959
0.0491679
0.0488644
0.0486849
0.0486186
0.0486465
0.0487426
0.0488817
0.0490366
0.0491881
0.0493199
0.0494271
0.0495167
0.0496079
0.0497279
0.0499118
0.050198
0.0506227
0.0512176
0.0519988
0.0529623
0.0540769
0.0552869
0.0565166
0.0576855
0.0587259
0.0595971
0.0602896
0.0608225
0.0612248
0.0615156
0.0616955
0.0617452
0.0616339
0.0613318
0.0608184
0.0600957
0.0591839
0.0581162
0.056933
0.0556776
0.0543911
0.0531134
0.0518822
0.0507296
0.0496801
0.0487518
0.0479519
0.047274
0.0467031
0.0462126
0.0457713
0.0453501
0.0449247
0.0444863
0.0440412
0.0436105
0.043226
0.0429238
0.0427401
0.042704
0.0428333
0.0431305
0.0435747
0.0441173
0.0446832
0.0451707
0.045478
0.0455246
0.0452864
0.0448036
0.0441679
0.0434934
0.0428864
0.0424171
0.0421143
0.0419712
0.0419485
0.0419877
0.0420276
0.0420112
0.0418948
0.0416618
0.0413149
0.0408822
0.0404062
0.039936
0.0395189
0.0391966
0.0390008
0.0389551
0.0390716
0.0393501
0.039788
0.0403686
0.0410638
0.0418327
0.0426204
0.0433655
0.0440123
0.0445153
0.0448558
0.0450412
0.0450994
0.0450615
0.0449582
0.0448061
0.0446144
0.0443991
0.0441909
0.0440375
0.044008
0.0441697
0.0445758
0.0452485
0.0461672
0.0472651
0.0484418
0.0495804
0.0505739
0.0513441
0.0518417
0.0520371
0.0519141
0.051465
0.050708
0.0497016
0.0485353
0.0473179
0.0461526
0.0451209
0.0442803
0.0436623
0.0432787
0.0431326
0.0432182
0.0435303
0.0440626
0.0448069
0.045752
0.0468817
0.0481692
0.0495746
0.0510356
0.0524699
0.0537811
0.0548666
0.0556461
0.0560739
0.0561567
0.0559442
0.0555124
0.0549398
0.0542881
0.0535931
0.0528658
0.0520997
0.0512808
0.0503967
0.0494432
0.048428
0.0473695
0.046292
0.0452215
0.0441828
0.0432001
0.0422891
0.0414612
0.0407233
0.0400804
0.0395303
0.0390705
0.0386967
0.0384
0.03817
0.0379965
0.0378681
0.0377725
0.0376998
0.0376412
0.0375966
0.0375658
0.0375597
0.0375961
0.0377035
0.0379172
0.0382825
0.0388532
0.0396983
0.0408936
0.0425267
0.0446857
0.0474329
0.0507513
0.0544553
0.0580951
0.0609707
0.0623791
0.0620111
0.0601753
0.0575942
0.0549857
0.0527972
0.0511732
0.050055
0.0492778
0.0486555
0.048028
0.0472932
0.0464184
0.0454305
0.044396
0.0433912
0.0424834
0.0417205
0.0411252
0.0407036
0.040443
0.0403252
0.040316
0.0403851
0.0404961
0.0406144
0.0407062
0.0407491
0.0407289
0.0406432
0.0405034
0.0403351
0.0401725
0.0400541
0.0400225
0.040115
0.0403609
0.0407803
0.0413812
0.0421551
0.0430771
0.0441031
0.0451734
0.0462182
0.0471626
0.047935
0.0484842
0.0487785
0.0488202
0.0486445
0.0483132
0.0479084
0.0475238
0.0472502
0.0471689
0.0473444
0.047818
0.0486034
0.0496794
0.050981
0.0524023
0.0537976
0.0550005
0.0558577
0.056258
0.0561562
0.0555763
0.0545982
0.0533308
0.0518914
0.0503873
0.0489147
0.0475541
0.046376
0.0454438
0.0448239
0.0445845
0.0447968
0.0455238
0.0468083
0.0486311
0.0508638
0.053213
0.0552317
0.0564426
0.0565513
0.0556109
0.053983
0.0521382
0.050466
0.0491938
0.0484112
0.0481199
0.0482847
0.0488602
0.0498016
0.0510703
0.0526278
0.0544341
0.0564377
0.0585612
0.0606957
0.0626924
0.0643691
0.0655346
0.0660335
0.0657873
0.064828
0.0632863
0.0613557
0.0592364
0.0570985
0.0550609
0.0531938
0.0515264
0.0500652
0.0488003
0.04772
0.0468109
0.0460622
0.045468
0.0450268
0.044737
0.0446014
0.0446232
0.044807
0.0451525
0.0456563
0.0463141
0.0471132
0.0480343
0.0490532
0.0501342
0.051236
0.0523071
0.0532843
0.0540929
0.0546498
0.0548726
0.0546892
0.0540604
0.0529952
0.0515531
0.049831
0.0479498
0.0460238
0.0441502
0.0423973
0.0408062
0.0393982
0.0381784
0.037143
0.0362851
0.0355937
0.0350595
0.034675
0.0344355
0.034339
0.0343861
0.0345777
0.034917
0.0354078
0.0360516
0.0368479
0.037787
0.0388504
0.0400093
0.0412236
0.0424484
0.043639
0.0447591
0.0457919
0.0467375
0.0476112
0.0484342
0.0492203
0.0499625
0.0506285
0.0511599
0.0514894
0.0515562
0.0513281
0.0508164
0.0500796
0.0492066
0.0483026
0.0474655
0.0467663
0.0462533
0.0459477
0.0458516
0.045958
0.0462543
0.0467271
0.0473633
0.048153
0.0490815
0.0501235
0.0512365
0.0523553
0.0533854
0.0542085
0.0547001
0.0547502
0.0542954
0.0533334
0.0519266
0.0501928
0.0482803
0.0463422
0.0445174
0.0429189
0.0416277
0.0406929
0.0401343
0.0399457
0.0400863
0.040488
0.0410567
0.0416795
0.042248
0.0426827
0.0429585
0.0431065
0.043202
0.0433393
0.0435965
0.0440258
0.0446382
0.0454111
0.0462928
0.0472204
0.0481301
0.0489708
0.0497098
0.050336
0.0508506
0.0512571
0.0515518
0.0517225
0.0517473
0.0516066
0.0512944
0.0508267
0.0502488
0.0496345
0.0490723
0.0486638
0.048507
0.0486961
0.0493199
0.050447
0.0521161
0.0543047
0.056889
0.0596
0.0620371
0.0637633
0.0644769
0.0641488
0.0630031
0.061373
0.0595429
0.0576884
0.0558898
0.0541811
0.0525943
0.0511753
0.0499843
0.0490865
0.0485383
0.0483823
0.0486416
0.0493208
0.0504019
0.0518357
0.0535207
0.0552929
0.0569341
0.0582204
0.0590009
0.0592594
0.0591069
0.0587278
0.0582915
0.0579027
0.0575868
0.0573175
0.0570357
0.0566788
0.0561947
0.0555527
0.0547414
0.0537706
0.0526675
0.0514673
0.0502154
0.0489554
0.0477302
0.0465805
0.0455371
0.0446241
0.043858
0.0432472
0.0427915
0.0424876
0.0423245
0.042289
0.0423637
0.0425324
0.0427751
0.043075
0.0434095
0.0437594
0.0440997
0.0444061
0.0446603
0.0448505
0.044978
0.0450606
0.0451342
0.0452419
0.0454373
0.0457623
0.0462462
0.0468883
0.0476474
0.0484421
0.0491577
0.0496695
0.049878
0.0497385
0.0492744
0.0485614
0.0476975
0.0467816
0.0458943
0.0450904
0.0444123
0.0438837
0.043512
0.043294
0.04321
0.0432289
0.0433132
0.0434234
0.043528
0.0436061
0.0436503
0.0436709
0.0436918
0.0437438
0.0438653
0.0440934
0.0444665
0.0450212
0.0457908
0.0468032
0.0480696
0.0495918
0.0513339
0.0532225
0.0551383
0.0569215
0.0583967
0.0594025
0.0598386
0.0596942
0.0590559
0.0580859
0.0569854
0.055957
0.0551732
0.0547568
0.0547727
0.0552223
0.0560227
0.0569901
0.057842
0.0582498
0.0579638
0.0569281
0.0553255
0.0534979
0.0518085
0.05055
0.049908
0.0499791
0.0507923
0.0523209
0.0544723
0.0570627
0.0598032
0.062312
0.0641821
0.0650927
0.0649391
0.063876
0.0622609
0.060504
0.0589505
0.0578141
0.0571793
0.0570347
0.0573053
0.057879
0.0586298
0.0594409
0.0602229
0.0609279
0.0615589
0.0621567
0.0627865
0.0635056
0.0643262
0.0651859
0.0659151
0.066254
0.0659222
0.0647267
0.0626445
0.0598525
0.0566611
0.053416
0.0504077
0.0478255
0.0457555
0.0442109
0.043158
0.0425425
0.0423128
0.0424211
0.0428322
0.0435207
0.0444692
0.0456654
0.0470956
0.048738
0.050551
0.0524741
0.0544166
0.0562625
0.0578847
0.0591661
0.0600251
0.0604379
0.0604371
0.0600982
0.0595188
0.0587871
0.0579798
0.0571534
0.0563521
0.0556136
0.0549715
0.0544496
0.0540441
0.053706
0.0533283
0.052753
0.0518167
0.0504118
0.048549
0.0463546
0.0440292
0.0417782
0.0397597
0.0380664
0.036738
0.0357775
0.0351692
0.0348858
0.0349034
0.0351963
0.03574
0.0365092
0.0374736
0.0385952
0.0398258
0.0411127
0.0423914
0.0435942
0.0446528
0.045509
0.0461189
0.046462
0.0465439
0.0463952
0.046069
0.0456267
0.0451352
0.0446539
0.0442294
0.0438933
0.0436608
0.0435343
0.0435062
0.0435617
0.0436833
0.0438545
0.0440516
0.0442531
0.0444288
0.044546
0.0445665
0.044461
0.0442147
0.0438376
0.0433629
0.042843
0.042335
0.0418927
0.0415503
0.04133
0.041234
0.0412508
0.0413634
0.0415565
0.0418141
0.0421274
0.0424952
0.0429169
0.043395
0.0439294
0.044515
0.0451437
0.0458047
0.0464827
0.0471622
0.0478305
0.0484738
0.0490783
0.0496286
0.0501113
0.0505125
0.0508262
0.0510514
0.0511942
0.0512609
0.0512557
0.0511729
0.050992
0.0506815
0.0502081
0.0495528
0.048727
0.0477786
0.0467889
0.0458579
0.0450858
0.044563
0.0443567
0.0445052
0.045018
0.0458717
0.047004
0.0483254
0.0497176
0.0510652
0.0522708
0.0532768
0.05406
0.0546259
0.0549868
0.0551457
0.0551008
0.0548489
0.0543967
0.0537717
0.0530241
0.0522248
0.0514532
0.050785
0.0502847
0.0499945
0.0499372
0.0501171
0.0505175
0.0511048
0.0518284
0.0526154
0.0533769
0.0540127
0.0544196
0.054513
0.0542406
0.0535982
0.0526327
0.0514291
0.0500929
0.0487321
0.047444
0.0463043
0.0453683
0.0446735
0.0442477
0.0441137
0.0442913
0.0448019
0.0456644
0.0468877
0.0484557
0.0503007
0.0522759
0.0541466
0.0556324
0.0564974
0.0566685
0.056283
0.0556214
0.0549922
0.0546162
0.0545902
0.0548915
0.0554101
0.0559857
0.0564449
0.0566465
0.0565181
0.056075
0.0554118
0.0546611
0.0539601
0.0534127
0.0530829
0.0529931
0.0531296
0.0534406
0.053841
0.0542184
0.0544441
0.0544091
0.0540565
0.0534068
0.0525533
0.0516327
0.0507781
0.0500889
0.0496115
0.0493359
0.0492109
0.0491584
0.0490933
0.0489446
0.0486695
0.0482627
0.0477461
0.0471684
0.0465817
0.0460375
0.0455731
0.0452093
0.0449529
0.0448027
0.0447469
0.0447751
0.0448786
0.0450497
0.0452803
0.0455605
0.0458734
0.0461902
0.046484
0.046729
0.0469079
0.0470196
0.0470845
0.0471311
0.0471952
0.0473066
0.047484
0.0477269
0.0480176
0.0483218
0.0485927
0.0487812
0.048842
0.0487399
0.0484592
0.0480021
0.0473916
0.0466635
0.045858
0.0450168
0.0441809
0.0433827
0.0426511
0.042008
0.0414695
0.0410519
0.0407664
0.0406277
0.0406502
0.0408467
0.0412314
0.0418171
0.0426105
0.0436107
0.0448021
0.0461518
0.0476063
0.0490962
0.0505506
0.0519124
0.0531625
0.0543273
0.0554748
0.0566863
0.0580236
0.0595081
0.0610985
0.0626982
0.0641762
0.0654015
0.0662847
0.0667941
0.0669598
0.0668612
0.0666016
0.0662915
0.066025
0.0658585
0.0657914
0.0657512
0.0656088
0.0652049
0.0644103
0.0631823
0.0615979
0.0598469
0.0581717
0.0568146
0.0559617
0.0557067
0.0560208
0.0567372
0.0575639
0.058157
0.0582459
0.0577425
0.0567665
0.055559
0.0543672
0.0533611
0.0526226
0.0521673
0.0519773
0.0520163
0.052248
0.0526192
0.0530569
0.0534596
0.0537054
0.0536791
0.0533195
0.0526453
0.0517537
0.0507832
0.0498639
0.0490841
0.0484765
0.0480301
0.0477001
0.047432
0.0471751
0.0468969
0.0465906
0.0462819
0.0460164
0.0458514
0.0458426
0.0460286
0.0464233
0.0470083
0.0477317
0.0485077
0.0492343
0.0498164
0.0501896
0.0503386
0.0503031
0.0501531
0.0499612
0.0497841
0.0496413
0.0495151
0.0493597
0.0491118
0.0487034
0.0480835
0.0472297
0.0461563
0.0449169
0.0435926
0.0422741
0.0410541
0.0400064
0.0391894
0.0386423
0.0383871
0.0384345
0.0387848
0.0394258
0.0403285
0.0414454
0.0427003
0.0439862
0.04517
0.046113
0.0466977
0.0468568
0.0465948
0.0459796
0.0451221
0.0441443
0.0431564
0.0422404
0.0414524
0.0408228
0.0403677
0.0400938
0.0400119
0.0401363
0.0404928
0.0411184
0.0420591
0.0433607
0.0450333
0.0470173
0.0491266
0.0510386
0.0523519
0.0527532
0.0521811
0.0508663
0.0492007
0.0475579
0.0461828
0.0451765
0.0445414
0.0442235
0.0441539
0.0442651
0.0445011
0.0448181
0.0451841
0.0455806
0.0459967
0.0464284
0.0468802
0.0473608
0.0478796
0.048451
0.0490885
0.049801
0.0505875
0.0514293
0.0522827
0.0530679
0.0536825
0.0540086
0.053952
0.0534718
0.0525968
0.0514183
0.0500674
0.0486769
0.0473645
0.0462173
0.0452915
0.0446238
0.0442353
0.0441351
0.044332
0.0448241
0.0456054
0.0466594
0.0479585
0.0494559
0.0510844
0.0527617
0.0543927
0.0558846
0.0571685
0.0582178
0.0590617
0.0597926
0.060556
0.0615225
0.0628318
0.0645303
0.0664971
0.0684078
0.0697803
0.0701421
0.0692371
0.0671515
0.064246
0.0609786
0.0577392
0.0547861
0.0522446
0.050144
0.0484544
0.0471129
0.0460543
0.0452141
0.0445425
0.0440072
0.0435889
0.0432798
0.0430802
0.0429886
0.0430026
0.043108
0.0432809
0.043487
0.0436842
0.0438284
0.0438791
0.0438056
0.0435967
0.0432579
0.042817
0.0423226
0.0418302
0.0413984
0.0410826
0.0409199
0.0409362
0.0411315
0.0414766
0.0419134
0.042359
0.042713
0.0428838
0.0428086
0.0424731
0.0419198
0.0412266
0.0404882
0.0397899
0.0391954
0.0387401
0.0384382
0.0382843
0.0382644
0.0383631
0.0385703
0.0388836
0.0393176
0.039898
0.0406668
0.0416751
0.0429731
0.0445904
0.046502
0.0485885
0.0506057
0.0521987
0.0530059
0.0528147
0.0516775
0.0498865
0.0478353
0.0458675
0.0442072
0.0429608
0.0421511
0.041759
0.0417467
0.0420731
0.0426937
0.0435636
0.0446292
0.0458279
0.0470921
0.048358
0.0495784
0.050735
0.0518453
0.0529485
0.0540757
0.0552252
0.0563432
0.0573317
0.0580889
0.0585579
0.0587561
0.0587765
0.0587415
0.0587638
0.0589118
0.0592094
0.0596383
0.0601557
0.0607079
0.0612318
0.0616594
0.0619132
0.061907
0.061546
0.0607471
0.0594637
0.0577147
0.0555923
0.0532444
0.0508385
0.0485262
0.0464168
0.0445752
0.0430285
0.0417758
0.0408002
0.0400798
0.0395906
0.0393102
0.0392223
0.0393128
0.0395689
0.0399815
0.0405358
0.0412155
0.0419919
0.0428242
0.0436566
0.04442
0.0450413
0.0454502
0.0456004
0.0454738
0.0450894
0.0444983
0.0437695
0.0429779
0.042188
0.0414515
0.0408033
0.0402613
0.0398312
0.0395109
0.0392913
0.0391592
0.0391016
0.0391051
0.0391578
0.0392502
0.039375
0.0395289
0.0397101
0.039922
0.0401701
0.0404634
0.0408099
0.0412198
0.0417002
0.0422501
0.0428615
0.0435114
0.0441598
0.0447486
0.0452103
0.0454718
0.0454833
0.0452202
0.0446995
0.0439769
0.0431267
0.0422321
0.0413701
0.0405976
0.0399568
0.0394747
0.0391633
0.0390272
0.0390679
0.0392804
0.039661
0.0401972
0.0408801
0.0416928
0.042614
0.0436146
0.0446594
0.0457068
0.046711
0.0476332
0.0484471
0.0491492
0.0497619
0.0503308
0.0509173
0.0515845
0.0523885
0.0533767
0.0545789
0.0560084
0.0576528
0.0594578
0.0613122
0.0630274
0.0643673
0.0651037
0.0650993
0.0643667
0.0630421
0.0613192
0.0593769
0.0573399
0.0552822
0.0532549
0.0512994
0.0494583
0.0477749
0.0462899
0.0450328
0.044021
0.0432576
0.0427322
0.0424253
0.0423125
0.0423645
0.0425594
0.0428881
0.0433538
0.0439749
0.0447796
0.0457897
0.0470094
0.0484016
0.0498797
0.0513081
0.0525319
0.0534091
0.0538502
0.0538299
0.0533804
0.0525776
0.0515257
0.0503481
0.0491703
0.0481018
0.047219
0.0465562
0.0461086
0.0458407
0.0457021
0.0456339
0.0455817
0.0455056
0.045377
0.0451812
0.0449228
0.0446116
0.0442684
0.0439145
0.0435726
0.0432589
0.0429825
0.0427453
0.0425407
0.0423608
0.0421977
0.0420478
0.0419184
0.0418276
0.0418005
0.0418726
0.0420834
0.0424743
0.0430844
0.0439501
0.0451059
0.0465791
0.048386
0.050529
0.05298
0.0556783
