-7.84084
-7.80504
-7.73227
-7.6466
-7.54361
-7.42712
-7.30675
-7.18833
-7.0787
-6.98526
-6.91274
-6.86841
-6.85064
-6.85677
-6.88428
-6.92422
-6.96986
-7.015
-7.05891
-7.09581
-7.12285
-7.14314
-7.15875
-7.16549
-7.16547
-7.16036
-7.15442
-7.14926
-7.14633
-7.14446
-7.14566
-7.14768
-7.15336
-7.16044
-7.16922
-7.18091
-7.19349
-7.20624
-7.21665
-7.22614
-7.23567
-7.24231
-7.24835
-7.25323
-7.25253
-7.24934
-7.24269
-7.23384
-7.22376
-7.21283
-7.19067
-7.15646
-7.11438
-7.0698
-7.02428
-6.98488
-6.94921
-6.91959
-6.9008
-6.88544
-6.88031
-6.87937
-6.88638
-6.89331
-6.8988
-6.90387
-6.90847
-6.91068
-6.91031
-6.90655
-6.90144
-6.89291
-6.87761
-6.86101
-6.84539
-6.83163
-6.82315
-6.82258
-6.83133
-6.84569
-6.86662
-6.88572
-6.90422
-6.91895
-6.93114
-6.94123
-6.94726
-6.95347
-6.96027
-6.96422
-6.96635
-6.9629
-6.9555
-6.94519
-6.93652
-6.92478
-6.91321
-6.90165
-6.88323
-6.86647
-6.8445
-6.81511
-6.78307
-6.74958
-6.72257
-6.70067
-6.68752
-6.68191
-6.68436
-6.69237
-6.70546
-6.71932
-6.7341
-6.74507
-6.75856
-6.76919
-6.77365
-6.77192
-6.76781
-6.75817
-6.74623
-6.73421
-6.72925
-6.72807
-6.7337
-6.74823
-6.76479
-6.7841
-6.8034
-6.81953
-6.82752
-6.82727
-6.82077
-6.80994
-6.79471
-6.78012
-6.76749
-6.75555
-6.74866
-6.74565
-6.74143
-6.73866
-6.73306
-6.72447
-6.71544
-6.70776
-6.6994
-6.69469
-6.69153
-6.69169
-6.68719
-6.67999
-6.66576
-6.64598
-6.62401
-6.5985
-6.58054
-6.57196
-6.57319
-6.58363
-6.6043
-6.63289
-6.66146
-6.69011
-6.71538
-6.73708
-6.75853
-6.77523
-6.78864
-6.79759
-6.80536
-6.80925
-6.81058
-6.8044
-6.78893
-6.77317
-6.75054
-6.72552
-6.69831
-6.66968
-6.64161
-6.61626
-6.5893
-6.57043
-6.5586
-6.55355
-6.5544
-6.56016
-6.56283
-6.56839
-6.573
-6.57839
-6.58094
-6.58229
-6.58348
-6.58393
-6.58169
-6.58119
-6.58087
-6.58095
-6.58504
-6.58877
-6.59439
-6.60637
-6.61963
-6.63883
-6.66661
-6.69426
-6.72245
-6.74742
-6.77392
-6.79233
-6.80633
-6.81216
-6.80702
-6.79903
-6.78102
-6.75279
-6.71989
-6.68456
-6.64509
-6.60981
-6.57472
-6.54866
-6.53459
-6.52729
-6.53351
-6.54285
-6.55765
-6.57359
-6.5899
-6.60189
-6.61039
-6.60951
-6.60281
-6.59236
-6.57765
-6.56592
-6.55868
-6.55843
-6.56625
-6.58108
-6.59686
-6.61374
-6.62921
-6.64343
-6.65524
-6.66363
-6.6683
-6.67045
-6.67073
-6.67059
-6.67127
-6.66732
-6.66228
-6.65639
-6.65145
-6.6526
-6.65345
-6.65796
-6.66127
-6.66424
-6.66427
-6.65849
-6.64858
-6.63235
-6.60985
-6.58896
-6.57207
-6.56085
-6.56241
-6.57216
-6.58975
-6.61457
-6.63971
-6.66106
-6.68352
-6.70123
-6.71697
-6.72863
-6.739
-6.75098
-6.75504
-6.75888
-6.76021
-6.75564
-6.74476
-6.7282
-6.70565
-6.67726
-6.64951
-6.62182
-6.60032
-6.58741
-6.58495
-6.59211
-6.60738
-6.63066
-6.65728
-6.68373
-6.71059
-6.72904
-6.74161
-6.74629
-6.73873
-6.72246
-6.70046
-6.67649
-6.65171
-6.62936
-6.61433
-6.60992
-6.61236
-6.62306
-6.63795
-6.65524
-6.67248
-6.6849
-6.69242
-6.69422
-6.68736
-6.67505
-6.65727
-6.63361
-6.61428
-6.60103
-6.59791
-6.6036
-6.61663
-6.63314
-6.65194
-6.66388
-6.6711
-6.67361
-6.67528
-6.67517
-6.67801
-6.68392
-6.69644
-6.70849
-6.72127
-6.72816
-6.73032
-6.73107
-6.72893
-6.72219
-6.71776
-6.71428
-6.7147
-6.71787
-6.71856
-6.71961
-6.71614
-6.70743
-6.69971
-6.69083
-6.68116
-6.67458
-6.67306
-6.67457
-6.6786
-6.68277
-6.6826
-6.6843
-6.68391
-6.67941
-6.67357
-6.66617
-6.6586
-6.64939
-6.64009
-6.6309
-6.62216
-6.6144
-6.6115
-6.61266
-6.61748
-6.62973
-6.6436
-6.6588
-6.6833
-6.70818
-6.73197
-6.75315
-6.77215
-6.78665
-6.7944
-6.79259
-6.7833
-6.76742
-6.74698
-6.72297
-6.70133
-6.68354
-6.66817
-6.66363
-6.66438
-6.67014
-6.67697
-6.68259
-6.68602
-6.68548
-6.68685
-6.68889
-6.69499
-6.69808
-6.69995
-6.69609
-6.6894
-6.67459
-6.65646
-6.63503
-6.61573
-6.60463
-6.5976
-6.60083
-6.61258
-6.63083
-6.65401
-6.67857
-6.70171
-6.71903
-6.7325
-6.74085
-6.74564
-6.74475
-6.7409
-6.73512
-6.72436
-6.7112
-6.69551
-6.67734
-6.65638
-6.63531
-6.61078
-6.58315
-6.56097
-6.54186
-6.52493
-6.51143
-6.50226
-6.49611
-6.4941
-6.49533
-6.49698
-6.5069
-6.52047
-6.54319
-6.57222
-6.60818
-6.65424
-6.70514
-6.75284
-6.79582
-6.83001
-6.85302
-6.86549
-6.86023
-6.84286
-6.81836
-6.78515
-6.7471
-6.7056
-6.66976
-6.63565
-6.60818
-6.58945
-6.57902
-6.57399
-6.57544
-6.5766
-6.58356
-6.58974
-6.59784
-6.60838
-6.61714
-6.62122
-6.62206
-6.62193
-6.61924
-6.61604
-6.61581
-6.62092
-6.6326
-6.64919
-6.66808
-6.68688
-6.70571
-6.71503
-6.71898
-6.71384
-6.69949
-6.68223
-6.66282
-6.64324
-6.6231
-6.60269
-6.58408
-6.56839
-6.55144
