1.19039
1.1575
1.10253
1.02723
0.934275
0.827831
0.71361
0.598761
0.491401
0.399585
0.329985
0.286625
0.270145
0.277891
0.304751
0.344361
0.390328
0.437082
0.480344
0.51724
0.546219
0.566841
0.579531
0.5853
0.585613
0.582118
0.576501
0.570371
0.565175
0.562009
0.561593
0.564255
0.569938
0.578313
0.588709
0.600405
0.612652
0.624758
0.636136
0.646278
0.654835
0.661476
0.665893
0.667863
0.667157
0.663648
0.657322
0.648469
0.637748
0.626171
1.17945
1.14719
1.10705
1.0628
1.01825
0.976913
0.94157
0.913888
0.894455
0.882975
0.87849
0.879496
0.884236
0.890837
0.897625
0.903341
0.907298
0.90918
0.90881
0.905695
0.899287
0.88914
0.875466
0.859511
0.84357
0.830456
0.822956
0.823025
0.831128
0.845812
0.864148
0.882925
0.899807
0.91389
0.925435
0.935203
0.943819
0.951326
0.957147
0.960451
0.960642
0.957509
0.951407
0.94304
0.933074
0.921981
0.909767
0.89627
0.881408
0.865618
1.17865
1.14991
1.11787
1.08633
1.05899
1.03872
1.02686
1.02319
1.02629
1.0343
1.04544
1.05833
1.07182
1.08473
1.09595
1.10431
1.10877
1.10866
1.10391
1.09524
1.08427
1.07355
1.06599
1.06416
1.06947
1.08174
1.09926
1.11922
1.13819
1.15303
1.16134
1.16207
1.15557
1.14345
1.12822
1.11266
1.09905
1.08874
1.08185
1.07754
1.07429
1.07055
1.06527
1.05831
1.05025
1.04224
1.03551
1.03079
1.02828
1.02747
1.19774
1.19021
1.17663
1.15749
1.13488
1.11229
1.09401
1.08382
1.08408
1.09516
1.11551
1.14215
1.17169
1.20099
1.22787
1.25119
1.2707
1.28675
1.29984
1.31009
1.3172
1.32045
1.31887
1.31171
1.29884
1.28081
1.25883
1.23413
1.20757
1.17959
1.15087
1.12293
1.09824
1.07937
1.06786
1.06345
1.0643
1.06811
1.07306
1.07796
1.08225
1.0857
1.08825
1.08992
1.09079
1.09092
1.09062
1.09044
1.0911
1.09344
1.20354
1.20792
1.21451
1.22488
1.24008
1.26025
1.28447
1.31114
1.33836
1.3643
1.38724
1.40565
1.41803
1.42321
1.42034
1.40911
1.38981
1.36319
1.33061
1.294
1.25582
1.21925
1.18772
1.16425
1.1505
1.14644
1.15072
1.16135
1.17615
1.19273
1.20873
1.22168
1.22953
1.23092
1.22552
1.21442
1.20036
1.18734
1.17945
1.1792
1.1867
1.19991
1.21601
1.23256
1.24803
1.2616
1.27277
1.28116
1.28647
1.28862
1.19989
1.19911
1.19752
1.19486
1.19112
1.18685
1.18321
1.18144
1.1823
1.18551
1.18979
1.19308
1.19311
1.18798
1.17677
1.15989
1.13934
1.11845
1.10123
1.09131
1.09093
1.10036
1.11795
1.14082
1.16564
1.18958
1.21074
1.22845
1.2429
1.25488
1.26525
1.27432
1.28161
1.2861
1.28646
1.28156
1.27068
1.2538
1.23157
1.20544
1.1777
1.15131
1.12949
1.11528
1.11088
1.11707
1.13299
1.15626
1.18353
1.21127
1.22354
1.24328
1.25553
1.25858
1.25167
1.23541
1.21211
1.18555
1.16013
1.13973
1.12696
1.12287
1.12693
1.13763
1.15285
1.17013
1.18704
1.20108
1.2099
1.21169
1.20548
1.19155
1.17183
1.14979
1.12982
1.11625
1.11183
1.11688
1.12926
1.14544
1.16165
1.17489
1.1834
1.18721
1.18791
1.18811
1.19064
1.1972
1.20777
1.22047
1.2326
1.24175
1.24617
1.24531
1.24026
1.23352
1.22812
1.22626
1.22798
1.23147
1.20274
1.20347
1.20065
1.19421
1.18519
1.17534
1.16664
1.16072
1.15822
1.15876
1.16117
1.16404
1.16615
1.16654
1.16486
1.16101
1.15517
1.14778
1.13924
1.13002
1.12072
1.11185
1.10409
1.09827
1.09537
1.09621
1.10135
1.11101
1.12521
1.14364
1.16555
1.18945
1.21357
1.23604
1.25504
1.2689
1.276
1.27516
1.2662
1.25
1.22858
1.2049
1.18228
1.16385
1.15172
1.14654
1.14728
1.15175
1.15728
1.16193
1.20254
1.20363
1.20467
1.20704
1.21087
1.21493
1.21712
1.21521
1.20755
1.19371
1.17493
1.15415
1.13517
1.1218
1.11672
1.12092
1.13365
1.15286
1.17571
1.1993
1.22114
1.23944
1.25323
1.26223
1.26669
1.2671
1.26389
1.25747
1.248
1.23548
1.2198
1.20098
1.17937
1.15572
1.13118
1.10711
1.08462
1.06453
1.04728
1.03312
1.02234
1.01522
1.01191
1.01249
1.01706
1.026
1.04022
1.061
1.08971
1.12697
1.24335
1.29231
1.34098
1.38493
1.42009
1.44342
1.4533
1.44965
1.43359
1.40715
1.37296
1.33427
1.29439
1.25661
1.22379
1.19794
1.17986
1.1691
1.16439
1.16422
1.16733
1.173
1.18079
1.19019
1.20008
1.20884
1.21486
1.21732
1.21654
1.21386
1.2113
1.21107
1.21521
1.22495
1.24024
1.25946
1.27955
1.29676
1.3077
1.31035
1.30456
1.29184
1.27458
1.25516
1.23527
1.21577
1.19698
1.17902
1.16203
1.14638
