0.793591
0.771664
0.735023
0.684817
0.62285
0.551887
0.47574
0.399174
0.3276
0.26639
0.21999
0.191083
0.180096
0.185261
0.203167
0.229574
0.260219
0.291388
0.320229
0.344826
0.364146
0.377894
0.386354
0.3902
0.390409
0.388079
0.384334
0.380247
0.376784
0.374673
0.374395
0.37617
0.379959
0.385542
0.392473
0.40027
0.408435
0.416505
0.42409
0.430852
0.436557
0.440984
0.443929
0.445242
0.444771
0.442432
0.438215
0.432313
0.425166
0.417447
0.786301
0.764793
0.738034
0.70853
0.678832
0.651275
0.627713
0.609259
0.596303
0.58865
0.58566
0.586331
0.58949
0.593892
0.598417
0.602227
0.604865
0.60612
0.605873
0.603797
0.599525
0.59276
0.583644
0.573008
0.56238
0.553637
0.548637
0.548683
0.554085
0.563875
0.576099
0.588616
0.599871
0.60926
0.616957
0.623469
0.629213
0.634217
0.638098
0.640301
0.640428
0.638339
0.634272
0.628693
0.622049
0.614654
0.606512
0.597513
0.587605
0.577078
0.78577
0.766608
0.745249
0.72422
0.705995
0.692478
0.684576
0.682126
0.68419
0.689531
0.696961
0.705556
0.714545
0.723153
0.730631
0.736208
0.739182
0.739105
0.735938
0.730161
0.72285
0.715699
0.710661
0.709443
0.712983
0.721161
0.732843
0.746149
0.758796
0.768687
0.77423
0.774715
0.770378
0.762301
0.752148
0.741771
0.732702
0.725827
0.721231
0.718362
0.716194
0.713698
0.710182
0.705538
0.700164
0.694828
0.690337
0.687195
0.685518
0.684978
0.798493
0.793475
0.784419
0.771663
0.756588
0.741525
0.729341
0.722544
0.722717
0.730106
0.74367
0.761435
0.781129
0.800659
0.818583
0.834129
0.847131
0.857834
0.86656
0.873394
0.878136
0.880299
0.879244
0.874474
0.865891
0.853875
0.83922
0.822756
0.805047
0.786391
0.767247
0.74862
0.732159
0.719578
0.711908
0.708968
0.709536
0.712076
0.715372
0.718641
0.721501
0.723797
0.725499
0.726615
0.727192
0.72728
0.727082
0.726962
0.727399
0.728962
0.802363
0.805282
0.809675
0.816589
0.826718
0.840165
0.856311
0.874094
0.892242
0.909536
0.924826
0.937098
0.945354
0.948804
0.946891
0.939405
0.926538
0.908796
0.887075
0.862667
0.837215
0.812832
0.791814
0.776168
0.767003
0.764294
0.767145
0.774232
0.784101
0.795157
0.805817
0.814456
0.819688
0.820615
0.81701
0.809612
0.800238
0.791558
0.786299
0.786134
0.791133
0.799937
0.810672
0.821709
0.832021
0.841068
0.848512
0.854105
0.857649
0.859081
0.799926
0.799405
0.798345
0.796576
0.794078
0.791232
0.788806
0.787626
0.788198
0.790342
0.793195
0.795387
0.795404
0.791984
0.784512
0.77326
0.75956
0.745632
0.734155
0.727542
0.727286
0.733571
0.7453
0.760548
0.777093
0.793053
0.807162
0.81897
0.828599
0.836586
0.8435
0.849544
0.854408
0.857398
0.857641
0.854374
0.84712
0.835865
0.821048
0.803629
0.785134
0.76754
0.752994
0.743521
0.740587
0.744713
0.755323
0.77084
0.789022
0.807514
0.815692
0.828852
0.837019
0.839053
0.834446
0.823606
0.808076
0.79037
0.773422
0.759819
0.751306
0.748581
0.751288
0.758423
0.768564
0.78009
0.791361
0.800721
0.8066
0.807795
0.803653
0.794367
0.78122
0.76653
0.753216
0.744165
0.741223
0.744583
0.752837
0.763627
0.774437
0.783257
0.788933
0.791472
0.791937
0.792077
0.793757
0.798132
0.805178
0.813647
0.821733
0.827835
0.830783
0.830208
0.826841
0.822345
0.818748
0.817504
0.81865
0.820977
0.801824
0.802311
0.800432
0.796139
0.790129
0.783562
0.777763
0.773811
0.772148
0.772509
0.774112
0.776028
0.777432
0.777696
0.776577
0.774008
0.770117
0.765184
0.75949
0.753347
0.747145
0.741236
0.736059
0.732182
0.730248
0.730805
0.734233
0.740673
0.750139
0.762428
0.777031
0.792969
0.80905
0.824029
0.836694
0.845931
0.850664
0.850104
0.844131
0.83333
0.819054
0.803265
0.78819
0.775901
0.767816
0.764357
0.764856
0.767833
0.771517
0.774617
0.801696
0.802418
0.803115
0.804692
0.807245
0.809954
0.811415
0.810137
0.805031
0.795804
0.783288
0.769431
0.756783
0.74787
0.744483
0.747283
0.755764
0.768571
0.783807
0.799536
0.814094
0.826291
0.835486
0.841484
0.84446
0.844733
0.842596
0.838311
0.832003
0.823656
0.8132
0.800653
0.786248
0.770478
0.754121
0.738076
0.723078
0.709684
0.698185
0.688748
0.68156
0.676813
0.674608
0.674993
0.678041
0.684
0.693481
0.707335
0.726474
0.751311
0.828901
0.86154
0.893985
0.923287
0.946728
0.962281
0.96887
0.966436
0.955727
0.938099
0.915309
0.889511
0.862924
0.837738
0.815863
0.798626
0.786574
0.779402
0.776263
0.776148
0.778217
0.781997
0.787197
0.793457
0.800052
0.805894
0.809905
0.811547
0.811025
0.809237
0.80753
0.807379
0.810141
0.81663
0.826827
0.839638
0.853032
0.864505
0.871799
0.873567
0.869707
0.861226
0.849718
0.836776
0.823511
0.810513
0.797986
0.78601
0.774688
0.764253
