3.2
3.39829
3.75811
4.21904
4.77872
5.41226
6.07742
6.73611
7.34594
7.86435
8.25966
8.50346
8.59753
8.55641
8.40231
8.17574
7.91287
7.64652
7.39356
7.1774
7.0106
6.88881
6.80686
6.77068
6.77079
6.79772
6.83586
6.87557
6.90818
6.93176
6.9387
6.93214
6.90549
6.86453
6.81044
6.74296
6.66929
6.59369
6.52428
6.46027
6.40167
6.35662
6.32165
6.29921
6.29991
6.31746
6.3537
6.40458
6.46545
6.5318
6.65632
6.84684
7.08172
7.33619
7.59337
7.82553
8.02827
8.19045
8.2993
8.37195
8.39701
8.39301
8.35825
8.31709
8.27877
8.246
8.22199
8.21269
8.21951
8.24531
8.28674
8.34851
8.43592
8.53206
8.62407
8.70068
8.74554
8.74682
8.69998
8.61746
8.50593
8.39359
8.28539
8.19215
8.11178
8.04237
7.98753
7.93872
7.89721
7.87314
7.86625
7.88527
7.92541
7.9822
8.04331
8.11732
8.19641
8.28063
8.38417
8.48624
8.62084
8.79306
8.98061
9.16835
9.32686
9.44972
9.52417
9.55295
9.53879
9.49293
9.42238
9.34183
9.2557
9.17877
9.10173
9.04054
9.00603
9.0005
9.01587
9.05669
9.11067
9.16522
9.19584
9.20183
9.17213
9.10244
9.01258
8.90912
8.80798
8.72546
8.67955
8.67393
8.70367
8.7601
8.83643
8.91389
8.98303
9.04285
9.08351
9.11
9.13757
9.16461
9.20311
9.25361
9.30826
9.35937
9.40755
9.44084
9.46312
9.47187
9.49491
9.54004
9.61844
9.72499
9.84583
9.97316
10.07
10.1206
10.1167
10.0582
9.94698
9.79659
9.63461
9.47053
9.3193
9.18571
9.06426
8.96486
8.88409
8.82485
8.78151
8.76238
8.76734
8.809
8.89106
8.99131
9.11976
9.26199
9.41394
9.57132
9.72686
9.87089
10.0057
10.1029
10.161
10.1818
10.1732
10.1447
10.12
10.0904
10.0668
10.0465
10.0378
10.0369
10.0408
10.0497
10.0661
10.0778
10.085
10.0838
10.0669
10.0459
10.0108
9.94697
9.86243
9.747
9.5982
9.44064
9.2796
9.13028
8.98893
8.88252
8.80818
8.77817
8.80108
8.85989
8.96879
9.12479
9.3105
9.51393
9.73004
9.93019
10.1122
10.2476
10.3247
10.355
10.3279
10.2726
10.1912
10.1012
10.0121
9.94205
9.89584
9.8905
9.91901
9.97309
10.0453
10.1079
10.1456
10.1452
10.1035
10.0284
9.94124
9.84917
9.76294
9.68549
9.62148
9.57465
9.54662
9.53508
9.53506
9.53828
9.54213
9.55872
9.57996
9.60353
9.6224
9.62211
9.61486
9.59329
9.57228
9.55641
9.55823
9.58959
9.64945
9.74089
9.85735
9.97135
10.0654
10.125
10.1274
10.0815
9.99236
9.86957
9.7378
9.61467
9.49556
9.39608
9.31027
9.24118
9.18116
9.1236
9.0909
9.06952
9.06838
9.09834
9.16224
9.25857
9.38547
9.53746
9.69267
9.84264
9.96328
10.0395
10.0602
10.0243
9.93773
9.80816
9.65639
9.50191
9.35478
9.24267
9.16814
9.14172
9.17551
9.25983
9.38095
9.51904
9.6578
9.77744
9.85818
9.8885
9.87705
9.82472
9.74682
9.65502
9.56303
9.48959
9.44264
9.43008
9.46147
9.52881
9.6262
9.74398
9.84649
9.91697
9.93806
9.91134
9.84569
9.75965
9.66692
9.59668
9.54954
9.52595
9.51336
9.50659
9.48763
9.45139
9.39051
9.3255
9.26125
9.21918
9.20156
9.20254
9.22241
9.25775
9.28485
9.30082
9.29885
9.28632
9.28083
9.28086
9.30098
9.34327
9.39149
9.44533
9.4983
9.53722
9.55549
9.5581
9.54907
9.53734
9.53611
9.5343
9.54172
9.56309
9.59199
9.62801
9.66701
9.71096
9.75504
9.79714
9.83441
9.86307
9.87172
9.8594
9.82525
9.76033
9.67747
9.57851
9.44897
9.31308
9.18004
9.05945
8.95623
8.88085
8.84287
8.85138
8.90207
8.98978
9.10347
9.23182
9.35181
9.45095
9.52597
9.55659
9.55761
9.53592
9.50741
9.48248
9.46643
9.46326
9.45608
9.44438
9.42082
9.40461
9.3982
9.41808
9.46261
9.5441
9.64785
9.76492
9.87159
9.94298
9.97952
9.96424
9.9027
9.80532
9.68394
9.55531
9.43353
9.33408
9.25622
9.20412
9.17428
9.17039
9.18542
9.21615
9.26865
9.33722
9.42217
9.52312
9.63944
9.76268
9.8965
10.0359
10.1587
10.2673
10.3621
10.4394
10.4963
10.5344
10.5506
10.5462
10.5264
10.4726
10.3919
10.2687
10.1057
9.90052
9.6481
9.37521
9.11179
8.87474
8.6857
8.5595
8.50001
8.52359
8.61457
8.75561
8.94143
9.15347
9.37794
9.58431
9.77182
9.92309
10.0305
10.0957
10.1282
10.1302
10.12
10.0872
10.0479
9.99856
9.94192
9.89225
9.86065
9.84639
9.84365
9.85181
9.86038
9.85498
9.82458
9.763
9.67429
9.56931
9.46267
9.36547
9.30893
9.29059
9.31965
9.39242
9.48835
9.59867
9.71356
9.83051
9.947
10.0573
10.1575
10.255
