49.5502
48.3947
47.7816
47.8906
48.5278
48.5145
48.8835
47.6943
49.1758
47.6501
52.9274
52.325
47.1565
46.2844
48.5243
49.5119
47.3359
48.0709
48.4779
49.8916
49.699
51.1428
49.3392
48.8499
50.3659
47.0134
48.732
49.0562
50.9896
50.1123
49.2345
50.093
48.6797
48.7303
48.93
49.6167
49.5534
48.8396
48.7644
50.1204
50.756
49.4904
47.977
48.6393
47.3766
48.4662
46.8478
49.8057
48.0888
49.4033
46.6347
47.2739
47.0271
51.5527
48.9148
52.4148
49.788
51.0831
46.263
50.6683
49.9938
48.5448
47.137
46.8003
49.5504
49.7354
46.8063
51.0115
50.698
50.4486
47.594
49.5755
47.4703
47.3522
48.0722
49.563
48.4248
47.9056
48.0988
49.1711
49.4293
49.8569
51.2934
46.6436
48.8662
50.3636
48.4566
49.9507
46.6994
45.937
48.5449
48.8106
47.8717
45.2668
47.9069
51.1626
47.7757
47.57
50.3978
45.9219
48.1746
52.8169
47.8048
49.465
47.5708
46.5393
49.5604
50.417
50.1499
48.0081
48.7101
48.8828
48.5412
50.7144
47.4565
49.3821
49.7761
47.9902
47.1844
50.2213
47.5109
45.6708
46.1426
47.1427
48.7251
48.6928
49.2936
50.5967
44.7324
46.7041
48.6665
49.3044
49.4507
49.8467
50.7172
48.9419
47.0423
47.0791
46.6855
46.8358
50.1895
49.2153
44.593
47.9113
46.4022
47.5838
47.1226
48.3504
49.6051
49.7693
50.8957
43.7697
48.3388
45.7761
47.6445
50.6439
46.6701
49.943
48.1648
47.124
50.505
49.5357
50.1337
48.5063
50.7411
47.6051
50.2214
49.5696
50.3477
46.4978
47.3864
49.9888
48.0372
47.3658
48.0979
46.5878
47.9209
49.4477
47.9958
49.4759
49.8652
48.3174
48.5019
48.9753
47.0714
49.4483
48.5008
46.1101
49.2236
47.257
47.8983
50.2913
49.1522
45.1118
48.7121
50.4679
46.923
43.2888
50.1388
49.58
50.8779
50.4336
49.7913
49.6352
51.4586
47.7042
48.41
48.7451
48.6951
48.0313
49.2791
48.0489
48.529
49.8485
47.6669
47.2457
49.4665
46.551
50.4864
49.5014
48.7241
50.1962
49.615
47.1439
49.0369
47.2681
49.553
49.3712
48.0473
47.0623
48.3218
48.3131
49.8047
47.9256
48.8883
50.1303
45.3232
48.7513
50.4211
52.2148
48.5461
49.0104
49.9888
50.6607
48.9062
51.3649
46.9319
49.937
44.3724
47.2134
47.2838
49.524
45.9404
46.0195
49.987
49.8023
50.1286
48.0473
49.2309
47.3504
49.2188
49.1587
50.0816
48.2044
44.9567
49.5494
47.3692
48.3357
51.0527
48.9483
48.1843
51.0235
46.8906
45.656
45.8536
47.1871
49.4095
49.9411
48.9589
49.3695
49.5005
45.9301
48.986
47.1282
47.3951
48.0409
48.9699
46.8623
50.4221
46.5374
49.4701
48.6194
49.0811
50.9532
48.9279
46.045
48.1727
50.5895
46.9131
48.6638
45.9316
48.4116
49.5658
49.7814
49.6831
49.0286
49.5066
48.1637
47.5736
49.1587
50.0731
49.4575
49.0382
49.9688
48.9334
43.9339
49.1782
48.2989
48.1803
49.7341
47.9948
47.4058
47.2469
48.2057
49.9412
48.5129
49.7733
50.3422
48.703
48.2852
46.0307
47.1176
51.0514
49.2589
50.8219
49.7293
50.0495
48.9074
50.1651
50.0194
49.8629
48.6306
46.7377
47.469
49.9759
47.8184
48.6054
50.5906
49.4829
48.6429
51.4217
48.6295
48.3688
49.0958
49.9823
49.6909
48.1227
50.674
47.9846
49.9202
49.7192
52.8522
47.5747
50.8867
48.0201
47.7179
47.7517
46.88
48.7125
46.0502
49.8473
48.0858
48.9403
47.3628
45.9138
49.9069
52.1104
48.9046
49.6648
48.3777
47.81
47.1443
44.0312
50.6133
48.3459
48.6224
48.5725
47.8093
48.9576
46.5572
49.2549
47.9128
47.6844
47.7758
47.4893
46.1203
48.7182
50.4409
49.1372
48.5911
48.9419
48.5261
50.3723
48.5988
48.9893
50.385
50.8312
49.072
47.8329
50.3921
50.5129
47.6828
48.1105
46.1857
47.9705
50.3186
49.1046
47.1731
50.256
47.9904
47.9092
51.6196
49.3704
49.2261
50.3311
46.9693
50.2202
46.9118
48.3481
48.5566
50.084
48.9594
47.8014
49.4007
47.9128
46.2903
50.9792
48.3782
48.0732
50.4766
45.7834
47.2807
49.3048
49.0089
47.6787
49.886
49.3802
50.614
48.6381
48.3984
49.1309
48.5038
50.8271
48.5805
51.4317
48.8898
47.6922
47.8666
47.7778
48.4039
51.1567
47.9988
48.2462
48.5365
50.456
46.8224
48.1381
48.0829
50.5734
49.8193
49.7244
49.5926
49.3814
48.8244
52.9415
48.5579
49.5534
49.1119
48.7112
48.4129
51.0685
50.478
49.9382
48.1712
47.7082
46.1529
49.8455
49.7836
50.6218
47.1983
44.9216
48.8541
48.3127
46.1179
46.631
46.6219
49.3731
49.5891
47.6909
49.9576
48.0398
46.358
48.3234
47.2754
47.7779
47.8432
49.0302
42.5541
46.2783
47.9593
44.3619
46.956
46.8741
51.2497
48.0217
46.9688
50.839
46.6163
47.997
51.495
50.0045
44.6582
49.7402
48.0073
48.3705
51.61
45.1187
47.8726
48.8629
40.2895
45.2218
43.6988
46.9614
47.5196
43.85
46.585
47.3219
47.4477
48.0432
46.099
48.748
45.2326
46.2188
48.0749
47.9103
46.1005
43.1675
43.5494
45.6898
43.3091
44.7839
47.0462
47.0983
49.0012
47.4716
47.7362
47.1282
43.9612
47.0061
46.346
46.5246
46.7528
46.1977
45.6309
45.6151
46.7965
46.9576
49.5422
47.4615
46.6267
49.0515
44.7041
46.4024
44.6758
46.4736
46.1801
45.9288
50.1093
46.4619
46.0915
47.0946
48.4766
47.7222
46.5289
44.8956
44.8052
46.5135
49.7294
47.4955
48.4711
49.5602
46.4077
46.1629
44.9378
44.0046
46.8077
47.8866
49.4782
45.6285
48.3422
46.7205
47.6651
42.5675
45.0951
46.8567
44.0164
47.1788
46.3827
45.496
44.4453
48.31
45.8905
47.7605
46.7336
45.2126
47.7302
48.5442
46.0295
48.4789
44.2524
45.8364
46.677
46.5347
43.5515
46.9176
45.5999
49.855
46.2839
46.0277
46.6044
47.1519
47.2978
47.6054
47.6806
46.1138
46.0227
46.5873
48.0589
47.5343
48.1339
49.4455
44.1868
49.1643
45.585
44.9724
45.4403
45.8703
46.5937
45.3644
49.7517
46.7509
45.9611
45.4671
46.2903
46.9128
45.7951
47.0871
47.3015
45.3417
47.6126
47.6879
49.0007
44.4338
46.3183
47.056
46.7131
48.1348
49.0937
47.3045
47.8992
47.522
49.5774
49.4215
49.9141
45.8431
50.5007
45.4473
45.3353
45.4167
46.8695
44.1013
46.6161
48.5981
46.657
45.5571
48.4997
42.8867
45.7544
45.3203
44.0509
46.0756
46.9282
47.9399
47.4232
44.6929
49.5405
46.4075
44.5629
49.5901
50.8507
47.9238
44.3971
43.8806
45.5911
44.2633
48.2505
47.8956
48.3236
43.8503
44.8405
45.4263
46.4266
48.3505
45.1498
49.7464
48.5959
47.4997
45.4481
44.9539
44.6467
48.3887
46.271
48.9612
46.803
45.3427
46.4717
49.4208
48.2708
44.7008
48.2576
47.7251
49.5605
46.3693
45.0051
47.556
46.3522
48.6278
47.6959
46.7088
46.5354
43.7001
45.8151
47.122
47.5099
48.2372
47.2335
46.8446
45.197
46.8314
46.6215
49.2314
47.9412
43.578
45.6834
46.5778
49.0132
46.638
49.1385
49.1435
44.1978
47.5286
44.5507
46.6625
46.2916
45.4053
46.3905
46.4053
48.0719
47.5
46.8692
51.6275
47.2355
46.3738
47.9223
46.6178
47.6576
48.5437
45.9195
48.9757
45.6279
48.3739
46.3857
46.4861
43.7154
47.2117
48.7783
47.1351
43.7945
46.1901
48.1333
45.9816
46.7451
46.9002
47.1502
45.913
47.4973
46.9551
47.0473
47.4738
46.791
48.4259
48.8915
50.1127
48.4906
46.4534
43.9702
44.96
48.5835
47.6397
39.4923
44.7915
45.5883
46.5747
48.2538
45.4399
48.2526
49.6133
44.1295
46.6891
46.1719
47.8137
45.2674
47.1533
45.2958
48.0517
48.366
45.5822
45.511
46.0269
47.6754
45.7382
48.4394
50.7273
46.7478
48.1382
44.8115
49.5754
48.3317
48.0112
48.1898
47.4666
47.4652
47.8371
49.9403
46.6714
45.0953
45.8279
45.7792
47.1876
44.6392
47.4726
48.8094
46.0566
46.9135
44.1083
49.9595
45.9249
48.122
44.1156
48.2612
45.8969
46.2083
47.0602
43.7876
47.8922
48.7394
48.1128
45.8166
48.9953
47.3719
48.9098
45.9973
48.5751
46.6253
44.4788
47.186
46.6523
45.5978
47.8
46.6547
46.4368
44.1596
44.3826
45.6081
47.5759
48.0621
47.0562
45.1465
43.6118
45.3206
46.2445
43.4008
46.1068
48.1374
48.6989
47.5082
47.4848
46.8729
49.6975
49.5378
48.1601
45.3492
47.8952
47.1159
45.5447
47.7224
47.9871
45.8854
46.5025
47.927
49.5058
46.6838
46.2932
43.0778
47.7417
46.9731
45.3085
48.5733
47.6371
47.5636
44.8543
49.8846
50.6065
48.3684
46.8165
45.0298
47.3036
46.3327
48.6937
46.7866
45.7321
44.8734
45.0435
47.2047
46.6571
45.158
46.1686
43.7589
48.6405
50.3712
45.7839
45.217
45.1825
50.1059
49.9699
46.104
48.4948
47.4972
43.7821
46.0477
49.8081
47.7767
49.3355
42.5426
46.2377
46.0853
45.3215
45.1272
50.1703
47.2233
49.4564
49.2045
46.1572
47.1131
46.1364
46.5788
43.5814
46.3334
47.8731
45.1067
49.7316
46.5107
43.0047
48.1813
47.8105
44.9732
46.3006
46.4181
45.0561
48.6296
47.2636
46.6895
45.164
47.7071
48.5181
48.8637
45.3823
47.7682
43.7072
44.3103
50.1963
48.8459
44.7083
48.5116
48.8059
48.0204
46.9101
48.8041
47.085
48.273
45.2692
45.3618
43.7017
47.8616
44.9259
44.6906
43.1392
46.39
44.7087
44.3892
46.9229
43.284
43.4893
43.728
41.5322
44.5552
43.6547
40.3075
42.4348
44.0345
46.9485
45.1699
42.0867
46.1103
41.8677
44.708
44.3135
45.2412
44.3508
43.9837
44.3351
44.6536
43.8875
45.2472
41.7471
44.2822
42.0853
43.3183
43.9141
46.7387
46.4588
44.9829
44.7636
43.64
44.8326
44.3786
41.9277
43.7911
42.6222
43.9799
45.6562
44.2988
40.0357
46.038
43.2141
44.2123
43.3214
45.8297
44.5385
44.7407
41.7733
44.9778
47.355
40.779
42.5284
46.3894
45.5073
46.7098
45.4755
45.2851
45.0929
44.0145
46.0409
45.4573
43.6807
40.7278
46.3922
45.136
45.7927
47.1492
43.3036
44.3275
42.0197
42.3705
46.2463
47.726
43.1624
42.9197
46.114
42.5971
40.9279
44.276
41.858
42.6839
42.7949
42.6034
42.1862
46.8935
45.5031
44.5062
43.0858
43.4108
44.4358
42.335
44.0129
46.0614
44.4527
43.5429
42.8663
41.1761
40.8268
44.7043
44.8644
49.3209
43.8927
42.6827
43.4925
44.0329
42.2937
46.8273
41.1519
43.5889
44.6718
41.9056
42.9714
46.015
43.3468
41.0224
42.6107
44.1188
44.5526
43.4979
46.911
43.0284
42.0403
46.5656
41.6528
42.7762
46.3564
43.3549
42.4417
44.3389
42.8457
44.1487
43.894
42.098
42.9155
41.6249
44.003
40.4554
44.2818
44.6526
43.7956
42.9831
43.901
45.7664
43.0235
42.8195
46.6638
44.8204
45.3037
45.756
42.7634
47.3196
44.5049
45.434
44.3397
43.7007
45.4595
42.8462
43.2647
43.0333
44.2485
45.879
46.7822
45.2463
43.7345
42.308
45.9015
43.9748
41.3856
46.0761
42.9707
45.6765
42.6443
46.7555
43.7019
46.5064
43.5159
46.2344
44.3134
43.5586
44.7592
46.802
47.6998
43.3147
42.9592
44.6994
44.8987
43.3972
44.6464
42.3304
45.5385
42.1919
43.9115
44.4913
42.51
44.5659
43.2674
45.5657
45.0342
44.8112
46.5999
44.2366
45.6865
39.9167
44.9186
47.0232
40.2785
43.2981
42.6791
44.5866
43.2061
45.3061
40.5181
45.9457
46.2488
41.859
41.3537
43.7372
46.3418
47.1432
45.8902
43.0798
44.4763
42.7338
42.9463
42.1102
40.1824
46.7339
47.0492
40.8585
40.4814
43.7731
42.7663
45.7596
45.8517
45.5763
44.2223
44.3789
45.3672
45.1033
45.4033
46.376
44.6327
45.1917
45.0796
44.3702
39.8993
43.2719
47.7078
46.8909
44.2954
41.7465
42.1919
47.1016
42.221
44.7176
43.6247
41.6297
43.0219
41.9712
43.6892
44.9718
45.0985
46.6626
45.4885
43.6586
47.2166
46.6118
46.3489
45.5059
44.232
43.8198
43.3902
42.4752
43.5122
45.8103
41.5477
45.4706
44.0634
45.0657
45.1041
43.9972
43.9509
42.3214
45.2597
45.7645
41.5068
44.6323
46.5849
43.0584
43.8867
43.1836
42.0354
44.4075
43.8466
47.696
43.1024
47.3833
45.5016
43.8606
44.6584
43.6343
45.0828
43.565
43.1609
45.097
45.106
47.7435
44.995
43.8674
40.5438
45.1016
47.6616
45.0786
44.9736
45.0692
44.4043
43.2129
43.5766
45.1744
44.4992
44.4596
42.3629
43.9484
43.9778
44.6922
40.039
43.082
45.3274
43.8225
45.9825
41.668
41.8029
42.9792
46.447
43.9331
46.2957
44.7663
46.5097
43.4215
42.2828
44.1875
40.0723
40.2896
42.4395
43.7141
42.2945
44.3179
40.7063
44.3531
42.7668
44.2016
44.8672
41.7764
45.5209
44.1055
44.3268
45.3382
41.9616
46.971
46.8564
47.763
41.9818
46.7654
45.6887
46.5767
39.3399
43.1893
43.7631
44.7487
41.5285
41.7661
44.9935
46.0324
42.9049
43.3625
46.1275
45.3925
46.6387
43.5707
46.4375
43.9665
41.4579
47.668
44.224
45.5834
45.4721
46.7285
42.3189
44.6674
41.8348
41.4288
41.6144
48.1116
41.8723
43.3159
44.6156
44.6883
46.0744
43.3443
46.0365
43.4556
43.9552
46.5354
43.1193
41.8921
43.8822
41.9429
46.6793
43.7648
44.314
45.9247
41.919
44.8255
45.3767
45.2599
43.8461
45.8876
43.9542
46.5967
44.83
44.1947
46.6977
46.5306
44.1445
45.6498
46.3413
42.6577
46.7018
47.4507
48.3875
41.0518
43.765
42.0212
43.1566
45.3885
46.1552
45.7509
44.5044
46.1599
43.4819
43.3031
42.2074
45.4459
42.1078
43.2081
46.3033
44.5601
44.6358
45.0234
45.118
45.9422
47.222
44.0431
44.5356
45.9097
46.2673
46.0756
43.7619
41.6804
44.1051
43.8688
43.5727
44.8391
43.5661
42.6503
45.5608
44.9946
43.9979
43.6651
45.6746
43.7514
39.5214
44.921
42.6245
42.9572
42.8438
43.0095
44.3478
43.5105
47.2045
43.7378
44.3275
44.9356
45.392
43.6511
44.7278
44.8334
43.5091
39.71
36.4934
40.1392
39.3325
40.3978
42.3102
45.5246
39.3059
44.7505
44.2076
39.9742
39.6609
40.8971
41.1493
38.8193
41.616
37.1615
37.8617
40.6026
41.5166
40.4705
39.5904
37.7309
38.4547
41.5695
37.7404
39.4683
43.1328
41.9101
41.2847
39.4702
41.3233
39.1
40.0748
41.4844
40.0162
38.7403
41.384
44.0484
35.9453
40.7397
40.3688
39.7546
42.8389
38.6549
39.9979
39.9589
38.3067
39.4564
41.6419
40.666
42.7606
39.0265
40.1361
43.1181
36.559
40.3959
42.0599
41.393
39.99
38.4278
41.2649
38.3108
42.6197
40.7505
41.9156
38.9103
41.6242
38.5834
39.1626
41.2736
39.7884
40.7252
40.4849
39.9395
41.2773
38.7331
42.0273
44.6324
43.6142
41.9691
41.3235
38.0327
40.6131
38.9397
41.7776
37.1775
38.6182
41.9242
39.4873
35.5503
40.6856
43.4277
40.1094
37.7414
42.9071
44.5298
43.4414
40.814
41.7359
36.5551
37.1132
41.5884
42.8269
41.5097
42.4415
39.9735
42.1557
43.7515
42.2401
39.9447
38.9983
44.2089
43.4115
40.745
40.4379
39.5885
39.9253
42.1213
43.154
43.0877
41.3002
39.9773
43.4565
38.8473
39.7142
43.2375
45.0335
40.2749
41.1848
41.5995
42.614
42.7658
41.3145
37.5386
42.264
38.3471
41.0811
36.9797
41.3658
41.4376
43.3236
39.8345
37.7875
41.7003
42.0333
41.1033
43.3722
42.3819
38.1686
38.4213
38.6813
41.866
39.5308
37.2932
41.6348
40.4102
41.1318
40.3247
43.118
40.3934
38.5803
39.9724
40.8955
39.3866
41.2686
38.2314
39.8956
38.3558
42.7311
37.7409
41.2723
40.6932
39.1694
40.7607
38.6665
38.4272
40.9267
41.8045
38.4945
42.4969
41.6297
40.0661
40.9283
38.4002
39.7437
42.689
40.486
42.6762
37.7959
39.6511
42.243
40.3699
41.1564
39.2463
41.4755
40.1043
44.0121
42.4824
40.1166
39.1751
39.7442
37.8876
44.8851
38.8654
42.8125
43.4065
39.7801
36.8965
41.7724
41.8304
38.5742
37.5852
40.5944
40.2598
38.0096
38.5265
40.6443
40.9908
40.1191
41.1915
42.6308
42.0601
41.1041
40.2949
41.8627
41.049
43.2225
44.0973
40.2189
40.7751
40.1193
39.861
40.5198
38.3697
40.6665
41.4416
41.4797
44.4462
37.5158
41.5405
38.114
40.0772
43.2151
40.2987
42.1084
39.4719
38.1669
42.5629
41.5677
40.033
41.5681
38.4031
40.8323
41.5592
43.6334
42.6093
40.1414
38.2354
41.5958
43.6603
39.4121
38.6684
41.2966
42.3068
38.4349
38.5403
41.599
40.9077
37.7852
38.1621
38.3194
37.8634
39.5298
39.3102
41.0421
37.6381
43.9384
42.6623
39.2395
40.822
37.4092
38.6473
39.128
36.2859
40.9507
42.2037
42.4292
38.7359
42.4895
41.6779
43.8738
42.5028
38.7202
41.7176
41.4698
41.8285
44.8523
44.3245
38.1619
39.1107
41.79
41.0641
42.5064
40.4286
40.9468
42.8572
42.5193
39.0541
39.7664
40.1231
39.18
41.2241
40.1918
40.7758
43.2179
40.712
41.0101
37.5907
43.2928
41.3663
43.0106
42.934
43.586
42.1302
39.326
40.0601
39.6565
40.0917
39.6022
38.8018
41.9419
40.6145
38.9152
41.7054
40.5906
42.8738
42.3442
40.0129
38.1934
42.4318
41.7228
40.3061
38.6776
37.7732
43.3654
40.8548
41.3434
43.3896
42.021
42.3032
41.9507
43.7671
38.455
41.5091
41.5062
43.8867
40.0809
43.2989
43.5039
38.0498
41.2153
43.5003
39.6705
38.8596
37.8913
42.3225
42.538
41.2093
41.0498
41.7028
42.8111
42.6216
41.4131
43.2637
41.4819
40.288
40.0889
40.4975
41.8245
39.3517
39.3742
44.2521
40.4687
40.6608
39.2853
41.4956
38.8722
40.4223
42.8019
41.9773
40.4785
41.3698
38.0011
43.8033
42.9192
39.8326
36.889
42.6447
42.3164
41.7808
39.4983
41.6191
42.099
40.6256
41.8695
39.806
42.8097
36.674
44.0519
37.2655
36.758
41.3429
39.8288
39.2024
39.7348
42.9421
41.937
38.6178
42.5362
40.2715
43.0705
40.1739
44.3471
43.1771
42.9848
39.4695
40.4799
41.5107
39.9606
40.7495
43.773
39.5699
40.9923
41.7071
41.7273
36.7358
41.9126
39.8391
37.5667
41.7808
42.8276
39.8736
39.9301
38.5595
40.0279
41.3214
40.1495
42.5809
40.3839
40.7033
40.2568
39.7503
42.1438
40.2752
41.5471
40.1181
42.4849
39.6464
40.4196
40.1582
38.2493
39.4889
41.2244
44.2807
35.9239
39.1664
41.2605
43.0858
41.0087
40.781
40.2744
40.9223
42.5083
42.1768
43.1851
40.4616
36.7159
42.7416
40.9523
41.349
39.9352
40.797
38.8001
43.1336
40.9492
40.0696
38.1332
39.7129
39.3543
41.4539
42.7699
43.4267
37.6703
38.0695
40.3792
44.3933
42.7253
38.5962
40.5608
32.6801
37.0468
38.9785
37.0896
38.799
33.0292
37.054
32.0808
33.4341
35.7723
36.2815
34.4823
35.5905
36.9886
35.9112
39.3435
39.2037
32.7771
37.7826
35.6262
36.8773
36.071
36.3424
38.9887
36.267
36.7867
31.031
37.8835
37.9558
34.0567
36.4298
33.4982
38.6534
36.9926
33.7241
35.2127
39.4522
32.0765
34.6855
35.6139
34.7405
40.0496
34.755
33.0336
39.5007
29.7849
37.652
41.52
37.7859
36.9811
35.1563
39.4538
38.8009
33.9607
36.8555
36.5692
34.5218
38.5881
37.1067
37.7686
39.3523
36.3377
32.2249
35.1281
34.0164
41.0733
35.4928
37.9633
34.9177
34.2847
36.6117
39.1883
37.2106
34.9632
35.42
38.4158
36.2818
34.6201
36.5423
31.6815
36.1433
38.6858
39.7643
37.447
35.6218
34.7882
38.1821
34.8685
38.8601
36.5645
29.8923
34.5463
35.6791
29.5789
36.5035
36.6855
37.4168
38.2729
35.6104
32.8006
35.6339
36.8607
34.6999
39.3159
37.5891
35.2953
35.4912
37.4308
36.3646
36.3861
37.4535
37.792
36.4321
33.9524
35.3505
38.9661
35.2721
35.1118
33.9751
34.2886
37.3064
35.8345
36.9194
38.8337
38.2917
40.8264
40.7516
33.9323
37.5097
34.7528
33.9829
37.556
36.0408
36.1956
35.716
39.7394
39.788
32.6941
35.0429
37.6735
36.3326
36.7918
36.1462
38.7432
35.5215
37.8353
38.7527
35.8739
34.1551
36.0114
35.0497
34.6475
35.5031
34.826
33.4863
33.0767
35.4173
35.4012
33.5307
38.2637
32.842
33.515
35.1699
37.5357
36.9339
35.85
38.2915
35.8342
37.803
36.0794
35.5883
36.0533
35.7932
34.8358
35.9257
36.2606
38.3893
35.5847
36.8729
35.3555
38.3445
40.7249
35.878
35.5396
35.7078
34.7215
38.1796
36.3114
39.4677
36.0863
34.5073
36.552
36.6917
33.173
33.4234
35.0165
36.2976
35.3448
34.8066
35.3727
35.8258
37.9255
34.7767
32.9259
33.9339
37.6407
36.9869
36.6473
34.8735
36.4744
37.8255
34.1271
33.8985
38.8431
36.4109
36.8233
34.9328
36.3167
34.6437
35.8693
34.7269
36.4187
34.3317
34.9428
36.8909
33.7226
38.7615
38.2113
37.6552
34.8685
36.0539
38.4136
34.7058
38.4832
32.7374
34.0582
40.3956
37.8302
37.9494
36.1679
39.8519
37.9366
39.0635
35.4238
34.2714
39.1927
35.9107
34.0202
36.1493
35.5609
36.4291
35.5598
36.7332
34.3804
34.6847
35.5683
36.9853
35.742
32.9102
37.5554
36.7352
33.1863
39.1749
33.7288
38.365
36.7125
34.8759
36.7583
38.4497
33.5088
36.9008
36.2874
34.3635
35.0661
37.0065
33.7734
37.264
36.0161
41.0572
36.9971
39.1
33.4655
34.5542
36.8156
35.3394
35.3292
33.4852
35.7748
33.8248
34.8949
32.5571
40.0547
35.3126
36.7116
33.4255
33.1257
33.3701
38.6478
34.577
34.6775
34.3322
37.4073
36.1756
37.4107
37.7771
36.8809
39.282
38.9777
34.1656
40.3043
33.4457
37.1124
38.9512
36.3114
34.6625
34.6773
34.3465
35.7077
39.5803
35.5927
32.1158
37.6489
35.1756
37.8066
37.4799
32.9009
33.4513
35.6366
35.9073
36.0514
38.2165
37.9058
35.3486
43.0654
35.5958
33.4838
37.7158
35.3289
33.9298
34.8939
35.7885
38.8498
35.0679
39.6502
35.7339
33.9066
36.9032
34.9392
32.2079
33.8549
33.8545
37.9613
36.3538
34.3602
36.6018
38.3041
36.4602
38.7191
37.055
34.8774
34.4236
32.6056
37.9891
36.1477
36.2593
36.7632
35.4512
32.2866
32.8492
39.1265
37.1842
34.6815
33.3772
37.2339
39.0387
36.9167
34.8431
35.6745
35.924
38.7606
37.3744
33.8494
34.4938
32.8634
36.2836
35.3696
36.2817
32.0703
37.8128
37.7878
37.6448
35.3428
37.4733
36.4638
39.1409
36.1149
38.719
39.1998
38.7768
35.5921
34.4115
36.8859
35.4433
36.2084
39.597
34.0534
34.6572
33.0413
36.809
38.4272
35.1657
37.0196
36.0693
38.5076
37.9951
35.7907
36.1713
33.8436
34.5271
39.9413
37.2738
38.8671
35.7263
38.4116
34.1603
36.4643
39.3257
36.7941
35.3837
37.296
37.1138
32.7736
35.5549
34.9796
36.6577
36.7988
37.0398
39.5277
35.9412
36.8421
34.6551
33.6285
34.6829
36.417
35.7885
33.8249
39.8516
36.8283
38.1819
36.4564
33.8156
36.8164
36.8488
36.09
37.0509
37.348
34.0302
34.0672
34.8352
35.6525
40.1575
35.2739
32.3059
34.4409
36.6691
32.6592
39.1594
36.1672
37.457
40.3459
32.5481
34.7281
38.7199
35.5613
33.5593
31.2526
34.1807
34.6537
33.5977
36.9391
32.8218
38.5374
34.5417
33.7787
32.6467
30.861
36.4864
37.4786
38.5238
36.8383
32.5066
37.2056
35.907
36.0594
38.6622
35.0632
38.781
36.074
38.1864
31.3202
30.7546
30.6381
29.2289
29.6382
27.1978
34.1739
30.8985
30.7406
27.0778
26.0877
29.9032
33.6558
32.637
29.9433
33.7317
25.6543
28.6324
31.5613
31.3344
27.4406
29.7013
28.799
28.7549
24.8501
27.313
30.8965
29.3415
28.3815
30.4618
26.9495
31.0561
31.484
34.812
34.1423
28.3202
33.7543
30.8709
33.5479
27.3789
29.1047
30.4745
30.3331
28.0115
29.1253
32.2264
32.6916
31.7635
26.1542
29.6299
29.4023
29.5633
30.2165
29.9648
27.7272
28.7526
25.7961
31.4746
27.7512
27.8136
31.9872
33.6153
27.8658
28.1288
29.1747
28.8867
32.0201
25.0743
32.1398
27.1555
29.9237
27.872
30.2114
29.1166
30.5482
30.4838
29.458
29.4695
31.6766
32.5239
32.6413
24.9976
32.198
29.3527
30.4867
32.7231
26.8394
29.2094
30.5247
27.4277
31.2289
27.8026
28.3817
30.1764
32.844
29.7104
30.1665
30.7547
28.6884
30.8514
29.0236
30.7061
30.4159
30.4659
32.1668
30.0059
33.2983
28.8656
34.7269
29.3777
28.5048
28.6542
28.0613
31.5373
30.2304
31.0812
27.4792
32.0102
32.1635
31.1437
31.747
32.0143
34.6336
31.908
27.4012
29.7883
34.6497
31.5653
32.2992
31.1233
29.7418
30.2453
28.7416
32.5886
26.5044
27.3425
31.0144
29.4457
29.8401
29.1343
33.1116
33.6641
24.0299
29.4839
31.6479
32.1375
25.7464
29.5415
31.7444
27.3021
29.61
32.4962
31.5895
31.0243
29.5742
27.2834
31.5901
31.3127
28.3839
33.2428
28.9623
28.5534
32.3063
26.4608
28.9646
33.5782
34.7074
28.1576
32.3857
30.1623
28.3722
28.4975
28.8926
33.8393
26.7182
25.3422
32.0251
26.8758
32.4568
34.1405
31.0961
28.4017
29.7039
29.8038
24.8256
24.6156
29.7228
31.484
29.7572
26.269
26.4218
30.2039
26.6105
28.9295
27.9425
33.2344
28.3043
25.3545
31.3815
31.1795
31.8735
32.3006
26.6072
28.1661
26.0695
24.7756
26.7914
30.8495
32.2805
28.3319
30.4818
27.5134
30.025
27.2452
28.2836
29.4296
30.9638
25.9498
30
28.3124
24.0845
34.0016
28.9019
27.0088
26.9221
29.2149
28.9279
31.1813
35.1322
30.7725
28.3642
31.4262
26.0329
28.0029
28.7252
28.8857
28.6952
29.9148
32.1075
29.5232
35.4999
30.6978
28.4353
27.723
29.674
27.4724
27.7709
31.4787
29.2555
30.1652
30.7342
30.7927
31.9228
29.6558
30.6632
30.0969
32.1016
32.5014
29.2679
32.8896
28.1675
24.5915
26.5767
30.2702
31.8986
31.6389
29.1765
27.6255
33.8258
25.4589
24.5771
29.1276
29.4429
29.8562
27.6328
26.9692
29.9943
28.8244
31.7385
28.8288
35.8727
31.0641
33.7362
25.1046
32.4759
28.3784
28.7882
30.2683
28.5128
34.0942
24.2498
31.5091
27.6809
29.1938
31.9725
31.1854
32.6878
32.2367
31.5147
31.4643
28.5479
31.7252
30.1229
28.7321
27.9975
28.7764
30.6388
31.1192
32.6683
27.7484
28.1367
33.6159
32.3642
30.3317
27.5955
28.2309
28.9752
30.2587
25.7812
30.9591
30.9326
35.0635
26.6418
29.851
24.9292
28.2476
29.9314
27.2009
22.7896
27.2922
29.2504
26.4159
30.6048
31.7466
29.7707
24.8373
28.0315
28.6949
31.3454
29.9885
29.8392
33.9646
31.2257
28.5704
25.9995
29.421
27.5688
26.5721
28.1319
28.5088
28.8798
26.1829
31.1782
31.2129
32.2736
29.0823
24.0922
31.1809
31.0192
29.7706
31.2253
31.0075
29.983
34.4027
30.0625
31.1066
30.1019
29.5141
28.8038
28.7635
30.6904
30.1666
26.4007
31.869
31.6446
32.0414
30.5619
28.9324
24.5595
26.7283
27.1184
31.2743
32.2347
27.7134
28.3442
27.7927
32.0224
31.812
31.6828
31.6208
30.2343
28.2876
30.9955
30.8941
28.776
30.5442
31.1558
28.9301
30.1394
27.7134
34.1376
29.2883
33.4177
26.6017
30.3944
31.7594
28.7106
30.8008
31.8634
29.2279
27.2135
27.4624
30.2155
34.7415
26.6287
31.0638
28.4345
29.5143
34.8824
29.5382
31.009
28.1315
33.3614
31.6266
28.6094
32.6166
29.2557
25.1132
29.9339
28.7595
28.5342
30.6933
29.1364
34.5697
29.6627
27.581
27.9975
31.8088
26.609
29.9349
28.9085
31.3918
27.2619
29.7166
29.1005
32.8654
28.423
28.7081
30.522
27.9063
34.115
31.5192
28.109
27.5891
29.3833
27.903
29.3942
26.5428
33.0021
28.4048
30.6263
29.4802
27.4679
24.3107
30.8286
29.7778
30.2309
27.4388
28.4506
24.8388
31.7582
30.4088
29.7509
30.4863
24.7317
27.6881
30.3267
32.2425
30.9856
30.8534
30.5394
32.2282
30.5145
24.7706
30.4626
30.856
31.5511
30.7957
31.8959
30.5995
32.5544
26.8428
32.4761
32.8922
35.6549
30.999
33.355
30.4734
30.8138
31.6803
23.0063
27.6519
24.2007
27.2219
27.7186
28.4305
27.2105
24.0172
25.9054
27.6918
28.5317
26.1772
24.7269
28.9399
24.0057
24.863
21.9407
26.3474
20.7187
20.0648
27.6774
25.4406
25.9747
26.8903
26.8807
25.8185
24.4908
28.4931
28.4012
26.4734
23.0564
24.6751
24.6962
27.2892
24.0292
26.7841
27.8915
25.5451
24.7734
22.2539
25.1038
29.41
26.8442
23.1527
21.996
23.9737
24.3219
29.2321
29.3818
25.5338
26.6098
21.4112
27.32
26.991
31.3789
27.4567
25.0941
21.7113
27.3247
26.4477
23.0613
24.237
25.1381
24.668
27.0272
20.4929
23.8093
26.6498
32.4918
22.8826
21.91
28.6099
22.7193
25.9969
22.371
21.6642
29.8142
23.59
25.3573
25.5729
24.8153
29.3299
25.3696
19.7475
27.3707
27.5299
24.6746
25.4663
27.9161
25.2961
23.8162
25.381
24.3505
26.0055
24.7543
24.3249
27.8828
24.2144
22.3865
26.515
25.3112
30.317
26.5251
26.4774
25.4409
24.4759
26.4792
25.4531
24.8122
24.3234
24.2065
26.8104
26.7879
22.7188
21.5821
20.2092
22.2528
21.2008
27.3921
27.0955
23.0065
19.6856
25.9481
23.0938
26.8755
25.7443
24.5698
23.462
23.2056
23.1545
26.5356
27.3734
25.0613
25.6103
26.4599
23.7013
24.7614
23.4006
24.5669
23.1761
27.2876
24.0344
27.4815
22.8273
23.7359
25.1372
27.6161
24.0839
25.4353
31.2101
26.3163
27.2937
30.6249
24.3331
27.1333
25.3935
22.1858
25.4121
27.5619
27.5483
29.2059
24.3595
26.0338
24.2563
27.0453
28.5521
24.804
26.2603
20.6715
25.0242
27.7035
25.519
27.7753
25.9932
23.599
20.4247
24.9811
22.2879
19.8971
25.7344
25.7659
27.768
29.5447
24.3228
27.3751
22.1268
26.1514
26.1048
23.927
28.3098
22.8429
23.448
25.5199
22.1762
23.8711
24.3776
25.4532
23.847
31.194
26.289
25.2096
23.926
29.0079
27.0548
28.1771
22.0263
22.6969
22.7782
27.0621
26.9912
29.478
27.5602
23.1772
22.1895
25.2377
27.6142
30.0487
29.7494
27.0156
23.5726
27.4711
22.2409
24.1368
31.0914
24.1709
27.5757
23.7049
25.6314
26.3729
27.4407
28.4412
25.7023
30.7108
23.9048
28.6666
25.3727
25.7077
22.3649
20.8329
26.692
24.056
27.0237
23.0361
28.085
27.6373
20.9943
23.1703
24.7648
28.7703
19.7674
26.5309
23.6558
23.8857
23.3051
29.0921
24.0548
28.4314
27.1119
23.644
25.2487
25.345
25.2318
30.5012
26.5205
24.2332
26.2084
26.3539
27.38
22.6864
19.6204
29.5815
25.5808
26.4299
27.6401
28.7918
24.5866
22.398
28.5028
24.3918
23.4496
24.6616
27.0598
23.0244
24.5946
22.2832
24.3984
21.3188
25.1678
28.2885
27.4162
26.0698
24.1394
29.0302
28.8448
26.6684
21.4384
24.17
22.67
25.7314
25.3218
26.943
26.0193
27.617
26.0102
18.9794
24.5811
24.8061
24.3049
27.4835
22.1704
20.5924
24.1623
24.4333
21.5393
23.7391
28.8787
22.7168
28.3905
21.1739
24.6099
22.3509
24.9804
24.5629
25.1861
26.812
23.5216
23.5817
26.2593
21.6201
24.222
24.3594
21.8684
27.285
20.2093
26.8628
24.8584
30.5322
26.4601
19.5414
25.1373
24.2842
28.1778
25.2006
28.1228
21.2651
28.2412
24.9045
23.8762
28.3826
29.2302
26.9505
28.2358
25.6088
24.0791
27.2139
28.5711
29.4059
27.817
27.1638
26.2679
26.1028
26.328
23.9417
29.5554
26.2703
25.3474
24.5422
32.9255
20.8449
25.2407
28.3371
26.2616
26.8135
22.155
24.5196
25.0053
26.5384
26.0757
28.1845
24.5832
22.104
27.9977
26.0332
21.8109
23.497
24.5661
24.9508
22.8922
28.0319
24.71
28.503
22.4666
26.444
23.1152
22.0433
27.4214
25.6248
27.6703
28.6159
23.0578
24.3559
26.0314
26.2697
23.8266
26.1814
26.0311
26.459
18.5412
22.8513
24.4985
29.6447
25.7702
24.8702
27.6753
25.3925
31.8629
25.5632
27.5367
23.5396
26.2794
25.3477
29.6931
26.163
27.1425
22.2533
23.6604
23.6074
23.8935
23.803
21.0437
29.3291
26.5528
24.2137
25.7831
29.8944
28.324
28.0287
27.0968
24.633
21.7218
22.0832
28.9061
23.9683
30.1789
24.5572
22.9809
28.8664
23.6157
22.9705
26.9473
23.77
25.685
28.017
26.8785
25.7093
23.2621
25.6697
24.737
26.1446
22.7355
27.1883
21.9384
23.6234
23.686
22.3746
24.4039
19.0574
24.5413
22.9423
25.5704
24.9079
24.6594
26.6429
25.3875
27.9693
31.6684
26.1423
23.0807
25.3952
26.5575
27.6743
25.0409
23.5419
28.7862
26.1808
24.342
23.7648
24.5918
26.4081
22.2745
24.3133
19.8096
24.4928
26.9552
26.7664
24.5474
25.3226
30.5076
28.9052
25.1327
20.8696
17.9408
15.8187
19.1304
15.6671
21.2636
23.9496
18.2584
16.8656
18.4349
21.072
25.0605
23.8954
17.9634
19.5909
20.241
24.1419
22.4976
26.8123
19.0468
22.0384
18.628
22.054
20.5872
24.3317
20.7123
20.4089
20.4089
21.6972
17.1601
24.2314
23.5016
22.1036
19.1505
23.8482
19.2038
17.3398
22.8862
19.2504
17.9342
18.9395
21.7469
21.9244
21.5049
16.1067
21.6791
25.374
20.0567
23.1552
20.4899
20.4606
21.4757
20.4987
20.8602
18.277
18.5106
20.6715
18.9851
19.5743
22.3715
18.0813
16.3448
22.3439
26.1134
23.8287
17.9116
21.685
20.6956
18.525
19.388
20.6311
24.4054
20.204
19.8648
19.8969
25.9702
23.419
23.3055
17.984
23.7413
17.0771
17.2059
18.444
22.4076
22.7342
22.4387
22.033
19.1963
20.5784
20.6087
19.2425
23.6093
21.9939
25.8412
21.1391
20.889
20.9913
23.3168
26.7968
16.6331
16.7575
20.1214
22.5247
20.4148
22.7952
25.9129
25.2264
16.3185
19.4515
20.3589
16.8098
17.0171
17.3261
19.5586
21.1661
21.2529
18.5903
20.8138
22.6852
20.5099
17.7618
17.9173
16.1231
17.9677
22.2324
16.3133
18.9807
20.61
23.9489
18.2276
15.7597
20.6394
18.5724
19.8697
15.4338
20.9761
22.9643
23.029
23.302
21.1034
22.2396
24.6567
21.4643
17.9624
20.864
26.5019
18.3172
22.904
20.9728
23.8443
23.7766
18.6883
16.7581
18.3859
20.9719
22.5989
24.0643
18.8549
18.8607
20.0618
15.3266
20.4183
17.5655
21.7286
22.3268
18.0363
17.9774
19.6784
18.4839
18.5635
19.5376
18.7019
22.1936
23.6974
23.7142
20.5749
17.0953
19.6531
18.3016
19.3062
20.0886
24.0584
20.5005
21.5367
23.5214
22.6525
23.3781
20.9707
21.2289
22.5775
18.1275
20.5148
19.7361
18.3329
22.1745
19.7847
22.6237
21.846
20.8268
24.2674
26.4516
23.9519
17.9104
14.5849
16.5087
17.6646
20.2899
19.9755
22.8561
22.0958
18.0776
19.4147
19.9175
20.9116
23.7345
18.0962
20.0516
23.2173
22.5163
17.841
23.0218
24.9657
23.1678
17.5436
22.9445
24.0259
20.3984
25.3629
21.5868
23.3785
20.3409
22.2785
22.6861
20.4897
18.3711
18.6385
23.5643
18.5312
24.2091
20.9386
22.2148
22.7534
21.4856
19.0714
22.2647
18.5886
19.9413
17.1812
25.5956
21.6974
19.5003
13.3192
14.513
24.5412
17.6163
21.7626
23.7399
25.9201
22.2793
21.6278
19.8993
20.7873
24.4445
26.3768
22.0175
23.4019
19.9535
21.4582
23.8647
17.0803
22.9745
21.0683
17.8991
25.5893
17.9587
19.1146
19.7902
24.9556
19.067
21.1072
17.6507
21.9161
20.2157
15.8149
16.0912
24.2307
22.6228
24.4138
25.8707
21.5153
20.9862
25.7951
18.8948
21.0557
16.8491
19.7714
21.5034
20.8365
21.1094
20.2557
19.403
18.3155
21.2951
20.8828
19.0899
21.3767
22.0556
19.3607
19.2293
22.6327
22.5473
17.2726
18.9202
17.135
19.1427
19.7909
19.7243
22.2527
25.6306
25.1426
19.3692
21.7828
19.6963
17.3554
17.8152
19.7148
18.8294
25.3686
19.5731
21.9149
18.736
15.4612
17.4369
22.0761
23.53
23.0351
15.8086
15.8652
24.8472
22.3292
22.625
17.4418
19.0198
21.0812
21.4674
21.9897
21.7936
21.188
28.2201
23.2294
25.0315
26.0256
21.4374
23.7505
26.0261
21.7959
16.9659
21.7668
21.6933
20.2665
18.2363
23.288
18.6099
16.1293
19.4047
22.5163
17.6398
17.7662
19.8574
18.0299
18.8815
22.3841
19.6252
18.9282
19.0201
20.9338
19.7175
19.1372
20.1137
17.1421
22.5692
18.7701
19.6734
23.1593
18.6604
19.3798
23.7324
24.1877
20.6567
18.5149
22.3444
19.9355
23.363
21.7554
18.2713
17.1538
17.4651
20.8396
27.9641
20.3877
20.3575
16.26
13.0354
22.9137
20.1125
24.7751
15.4215
23.1224
19.9703
20.3281
20.4445
20.4575
20.8327
20.6642
18.3446
23.2798
19.8678
22.0171
19.243
22.5229
15.6151
21.6349
16.6318
20.9849
17.5693
22.9697
20.3284
18.3633
22.0055
21.4335
21.4946
15.5289
20.9641
22.8024
18.4711
17.8153
19.6894
21.022
21.6051
20.8439
18.0039
19.2468
19.4107
18.5432
23.4937
20.1283
18.2546
24.4437
16.0541
17.8796
21.5453
23.2539
25.6015
20.7272
21.8887
21.1339
20.6809
21.8386
21.7512
18.6984
19.0277
19.7805
22.907
24.6311
20.4797
20.0453
20.7612
21.5227
22.4669
19.7544
20.7544
19.601
24.146
23.0507
22.9349
20.1866
21.0864
22.2196
22.4004
17.8345
18.158
20.7549
21.7609
18.0002
23.3956
18.6475
20.5322
14.8542
18.8091
20.0566
19.5491
13.9501
25.339
20.667
19.2467
20.0282
21.5243
17.8991
20.0596
19.3873
14.4097
12.1973
13.9418
15.0052
14.3862
15.8329
13.7642
16.243
14.7665
12.9471
12.6511
17.2595
12.9032
13.0119
13.226
12.1462
18.15
18.0785
17.7011
16.1509
12.6094
20.3127
16.2165
14.4381
17.7568
16.4688
16.0503
17.4054
13.0431
17.1014
16.2278
13.5847
11.81
15.3563
13.6855
11.5893
11.54
16.1479
14.964
17.7176
12.4971
14.0273
13.5175
19.1981
15.9199
17.0294
13.7348
12.8211
11.6686
14.9852
16.0683
16.3001
14.682
10.2338
15.2586
13.0705
14.0206
17.5051
15.844
17.376
13.9151
13.775
16.3694
16.2871
15.4942
16.4558
13.0456
14.2715
18.5893
18.1889
15.6429
13.8741
13.0579
18.1784
17.5662
11.2769
15.6952
13.3081
13.1257
13.8309
13.5499
20.0959
16.9367
17.3051
15.8293
17.682
16.7868
13.4101
14.5157
14.221
15.1823
15.3738
13.8323
15.889
16.7447
12.7574
17.6989
17.8122
14.7227
14.6831
15.986
18.5177
19.0196
16.2734
14.3553
16.7976
16.0291
15.3878
15.3472
17.3545
15.8366
12.9888
12.1776
17.2525
14.1893
12.0971
14.2574
16.5882
14.8676
16.5961
15.2958
14.5899
18.7562
16.7645
15.4701
16.9237
13.1288
13.7378
15.2597
12.3589
12.2783
14.4338
17.0665
12.482
15.5526
13.3742
12.9705
19.7178
15.9892
14.6349
19.5062
17.6078
15.9777
14.5191
16.7769
19.4366
16.7649
12.0622
12.2999
16.2837
16.596
14.3438
14.6155
15.8183
14.0473
14.0075
15.8385
14.9175
16.577
20.224
16.8152
17.4069
13.2536
18.4458
10.953
10.723
12.6901
16.5541
17.2976
16.8802
15.8078
16.6179
16.2996
13.85
17.0047
13.2226
10.8795
12.6445
17.2968
13.859
11.6415
16.1176
17.8033
17.5032
16.4259
13.492
13.4819
19.9679
15.5613
15.2924
17.7217
17.8179
16.7938
15.7546
12.6872
13.1739
12.1099
16.3212
14.4865
17.6657
15.427
12.6919
16.9581
14.9777
15.6572
17.1884
17.6316
16.3806
17.2171
16.7118
22.6543
14.8489
16.0457
18.1054
15.065
14.147
13.1481
14.3283
12.8653
15.8063
17.4192
15.5426
15.2344
16.9567
14.4575
12.984
18.9662
14.9206
14.0323
13.9017
17.8537
18.1335
13.5362
19.811
12.3699
11.118
17.7022
15.1745
16.7086
16.1236
15.1638
11.1539
12.3407
14.7621
15.5571
20.5427
17.0245
13.7759
17.1234
12.5813
15.5279
14.6565
12.4939
13.7591
12.7397
13.3859
20.2218
17.4577
13.6211
14.5019
14.271
12.6991
13.2557
11.385
13.859
18.0577
14.9248
10.2642
12.1349
15.2339
10.7969
9.70564
10.5539
15.8802
13.6749
18.2119
18.9646
17.594
16.3724
18.4304
17.7073
13.2605
18.3438
16.2209
13.9303
11.1473
12.4843
15.1877
18.3123
18.7836
20.0037
13.3806
16.7928
14.7746
15.8521
14.0299
20.6886
16.7388
17.2873
19.2489
16.4378
16.7338
12.8893
15.1316
18.2975
14.4158
16.8759
15.7
13.8014
12.4293
11.3937
14.5988
15.643
17.2675
15.4433
15.7241
15.1312
13.3456
14.6862
16.0103
17.0167
16.4099
12.7763
13.3795
14.2723
10.8188
11.649
14.9245
15.3655
16.7223
17.4481
20.3572
15.2924
17.7344
13.8593
12.9016
14.8095
15.6034
16.0961
16.1607
16.5869
14.762
15.364
18.0387
16.8785
15.4422
13.7192
15.7502
17.0886
17.7213
16.984
17.9851
13.1418
13.7176
17.9064
18.4283
15.6519
12.1824
14.1105
12.967
12.4728
13.7506
14.5282
14.2575
15.6604
14.8838
12.2249
20.2071
18.2949
18.662
14.4086
18.1584
16.1241
17.1294
15.711
15.2029
12.6059
16.1415
17.768
11.4938
13.8267
15.6708
14.1683
10.5484
11.3758
14.4281
17.9329
15.7752
13.9189
16.976
15.9086
15.8316
10.9759
13.1043
16.9037
18.0978
15.6557
15.5312
12.2537
14.3561
14.1345
14.2408
14.9526
14.9767
16.3994
18.1571
20.3843
19.7973
15.5233
13.5786
15.8664
19.1205
17.4209
16.9615
17.7785
17.8959
13.7463
17.0374
16.4226
18.6142
17.6487
17.9318
17.4522
17.7687
17.1414
19.3016
17.2999
18.6162
16.0208
15.8857
18.6079
13.7143
12.5599
15.733
20.2707
12.3912
12.0971
15.0984
15.7692
13.5674
18.1602
17.0334
13.5107
15.659
17.574
16.6739
13.9463
17.7682
17.1978
16.3179
15.7325
14.8165
12.2905
11.4036
14.5469
21.88
18.3783
13.8862
18.42
17.8444
17.8934
12.9005
15.8022
11.7931
12.9986
13.7036
17.9575
13.8921
17.7271
15.4256
20.0791
18.5873
16.3448
15.7941
16.7555
14.4748
15.0513
14.6969
12.9763
13.5729
12.6211
11.9603
13.7517
13.1324
17.6982
18.8417
13.7477
19.5498
14.1736
18.963
17.9507
18.6862
14.4582
15.0477
13.9142
13.5813
12.4315
11.7866
13.0776
10.346
13.6106
12.4389
13.3295
10.136
10.2962
11.348
7.57096
9.97125
11.2605
9.51982
9.86617
7.66399
8.9952
9.38351
9.14695
8.0416
8.36667
9.77975
9.96295
11.5386
9.29687
9.94282
9.8078
7.99836
10.34
9.09642
9.27708
8.92914
7.79884
5.79259
7.40779
10.7874
8.62593
11.3084
8.91687
11.4705
11.7723
9.28255
9.5324
11.9867
12.0826
11.4337
9.97321
10.2301
11.9035
11.8806
9.76752
8.14835
8.97429
9.11398
9.52008
10.3801
8.60997
11.0889
11.6021
13.379
14.5834
8.68419
10.7785
11.7614
13.8059
10.9317
10.0839
10.7298
11.3638
9.07176
7.17025
8.65766
9.98016
8.71369
8.60345
12.0764
13.024
10.7562
8.55759
10.8284
11.3024
11.4659
8.64869
9.53923
10.469
9.00647
12.0779
8.27651
8.83081
9.58861
9.70782
10.0579
8.23124
9.28184
8.50657
10.307
8.58035
9.88129
12.0405
8.90352
11.2903
10.4398
9.94164
8.18154
7.94422
8.67264
11.3949
9.32405
7.81892
5.99864
8.67176
8.86924
9.429
7.08568
10.0426
9.29392
11.6682
9.74874
8.00972
9.88228
10.32
7.81652
6.13511
8.65895
12.0423
10.8967
8.80678
12.0838
6.53582
7.8302
10.2279
8.46818
8.25932
9.24205
10.2475
9.76076
12.8032
11.0201
12.1624
9.41173
12.9424
12.7139
11.5495
10.2582
8.18687
8.41946
8.81269
8.49401
6.82763
10.1019
9.07812
10.0519
8.40935
7.57861
13.8427
11.5395
8.27279
12.2799
10.8796
13.0834
10.8081
9.73433
9.29988
8.91403
9.04456
10.7357
7.89396
12.0438
10.9902
8.98645
8.81571
8.92314
9.24561
7.79141
8.94308
8.03088
6.8462
9.00342
9.21304
10.166
10.4941
11.24
10.4841
9.12298
9.82686
8.77877
9.11998
10.6725
11.2537
11.8204
15.2356
12.2141
11.6264
10.5105
9.19216
8.73016
9.51768
9.40306
10.9994
8.43283
10.5739
6.33681
6.42659
8.28834
8.57648
7.89625
7.86028
6.94778
8.08049
12.0899
11.1464
10.5215
8.41261
7.63765
8.1736
9.36342
9.36361
12.1183
11.302
10.4126
12.6932
10.7173
9.91884
8.01495
9.17316
9.70249
10.5993
8.70066
9.21057
11.3876
9.06758
7.26123
7.75412
8.40929
14.2981
12.134
9.39491
6.52673
7.37148
7.25583
10.4731
9.93069
10.2531
11.1192
9.13674
10.2714
11.7983
12.606
9.70463
10.3639
13.3279
9.80774
10.6644
9.7475
9.35139
8.18728
8.17353
7.28241
8.24658
11.5801
10.0592
8.63855
10.7671
10.9183
9.85056
10.7437
11.1779
13.132
12.5785
11.545
11.3631
9.55082
6.72382
9.80532
10.5296
11.6289
10.5336
10.2008
7.4923
9.11143
11.8852
11.0672
10.9849
10.2403
10.5826
10.2627
8.97362
9.24342
10.5221
9.27546
9.5827
10.6518
10.0064
8.85406
10.7213
13.4827
8.97232
11.6049
8.99936
9.72305
8.35795
7.6445
7.08821
8.46415
9.14744
9.79586
8.68932
7.9009
7.2266
7.42062
8.51729
7.3408
11.2585
10.7292
8.46557
7.35277
9.83473
10.6078
12.648
13.0533
11.8241
8.06555
9.93874
10.113
10.8592
7.33218
9.01672
9.09504
12.3955
10.7328
11.0825
9.55468
10.5939
12.2747
13.0351
12.94
10.8792
9.44304
8.03026
10.4625
12.7517
10.4124
11.5701
11.8983
13.247
8.21866
5.93498
7.68778
11.6861
10.8744
9.44837
7.12491
7.7498
7.4205
7.15988
10.2204
8.47815
9.77232
11.8421
8.73661
8.16046
7.24522
7.78853
8.05903
8.85544
7.39469
6.61372
9.6475
9.06436
10.905
7.518
8.52829
9.05714
10.7192
12.4613
14.5638
11.7718
11.202
9.31178
12.2387
9.3244
6.70103
11.9194
10.589
9.96629
11.0091
13.2176
8.68192
9.0832
11.2398
9.44154
9.91861
9.75409
7.95027
8.44333
9.72505
11.82
9.37941
9.90915
9.40694
9.05434
8.50954
10.1819
8.57055
9.16401
8.81828
7.48553
7.80949
12.0379
9.96622
10.0853
13.8486
9.76719
6.96734
7.0761
9.41699
8.71637
10.083
8.05797
8.6895
11.8593
11.6211
9.17887
9.05296
7.45097
9.46265
6.01135
9.58488
11.3149
13.1112
14.1895
10.6165
11.5812
9.12189
10.0192
11.7251
10.0642
10.4501
9.08873
9.93892
12.3357
10.2888
7.86183
8.07772
9.83643
11.7686
13.7905
10.2717
9.02852
11.0764
8.28452
8.19262
7.98527
8.2735
9.33509
7.47283
10.8807
10.6736
5.93939
10.7733
10.6936
9.89091
10.8582
7.62101
7.90796
8.21241
8.64006
8.35892
8.23011
8.66145
7.14638
9.86765
9.92785
10.9808
10.3256
9.79409
11.5553
10.8659
9.13252
10.6165
11.005
10.6882
11.082
11.7891
14.9784
13.6172
11.1787
10.3612
9.66045
9.16255
8.02311
7.14555
12.2718
8.31594
7.8965
9.08165
8.01499
9.61551
11.3545
9.73668
11.165
9.63414
8.28326
8.80549
9.35878
8.14716
7.44161
9.46788
9.34223
6.82359
6.61955
7.484
7.13717
7.90046
9.30096
10.1439
9.18366
6.52051
6.37889
9.43651
10.2578
12.1642
10.447
10.5363
10.159
11.0088
10.8911
7.74564
5.58204
8.9717
8.71452
8.04809
12.135
9.6656
8.06032
7.18983
8.00487
6.3054
8.18424
7.70976
8.27306
9.65022
6.5437
8.03351
6.53299
6.26863
7.6242
10.295
10.1599
7.43681
7.68092
7.35472
6.34486
7.12041
6.29255
10.0119
5.84254
4.4499
7.05103
6.9877
6.95889
8.34031
9.02753
7.99613
8.16506
8.93804
6.37915
7.02879
6.40317
7.97929
7.16603
8.23173
8.09844
7.79136
7.17492
7.50464
8.36677
8.32714
8.19972
9.4428
9.04266
8.70621
7.66153
7.05803
5.10284
5.38866
6.55585
6.71092
5.80675
8.58705
8.19194
10.9428
11.9143
8.28612
7.83676
6.62528
6.02403
8.18752
8.32466
7.16396
7.1885
6.10686
5.95116
6.8151
7.37256
8.8926
8.3277
8.1641
8.9746
11.1315
8.17658
8.35602
8.74696
7.5123
8.0283
8.0695
7.28897
7.42472
8.17926
8.52601
6.91173
8.50583
8.38061
9.01354
8.58995
6.55962
5.25927
4.79138
5.87294
7.65811
6.19546
7.08774
6.80321
7.92811
9.33809
10.1734
9.82795
9.87956
8.63148
7.97762
6.13872
7.71452
7.31459
7.08307
6.7929
8.53819
8.68366
7.71596
6.63367
6.91574
5.33087
8.28628
8.38633
7.77875
8.22152
8.44729
5.9926
6.77805
8.86802
8.1634
8.66799
8.48557
8.98261
8.21349
5.94996
7.78875
9.39921
10.3391
7.63568
5.85134
5.1456
6.79019
7.50246
8.7687
8.73223
9.60698
8.4001
8.27548
8.49219
7.81855
8.68432
10.2244
11.9699
8.45
6.39079
5.50683
8.42958
9.27709
6.96408
9.65452
8.72473
9.70948
10.9174
10.6192
8.31581
6.84287
7.04446
7.98763
7.34535
9.27839
9.19308
9.13038
8.31982
7.89806
9.50503
8.93827
8.92705
7.79983
8.16893
5.38988
6.63441
5.81279
10.6674
9.45074
9.95805
8.12261
7.94071
7.10881
9.86209
9.19707
8.52271
5.85532
6.74803
8.18522
8.79841
7.40927
7.80547
6.70466
6.26852
5.52295
5.58697
5.90243
7.72549
10.3605
7.54401
6.7404
7.93075
7.45817
9.18919
7.53563
7.13497
6.95859
6.1116
7.33867
6.48555
6.7179
8.71112
7.53127
7.42068
6.25069
6.61078
7.24044
5.43637
5.56175
7.72757
7.37747
8.21069
9.33485
7.34156
7.92442
5.71186
5.89176
8.38177
9.19093
11.0135
9.00792
6.97353
6.68066
7.07767
7.50227
8.23922
9.3632
10.2281
8.17252
8.36795
7.88949
7.87768
5.97968
8.33026
8.12227
7.96819
7.96723
9.52419
8.6029
6.00256
6.74867
6.55788
6.76646
6.97148
5.86723
7.16308
10.1331
11.8049
7.9717
8.31823
8.58812
8.21383
5.88068
5.87228
6.99788
8.07643
9.91012
9.61213
10.7006
10.4754
9.18396
8.62046
7.38866
5.66778
6.33619
8.88759
5.86521
5.6756
6.2068
8.32876
7.22148
5.92078
6.41833
7.7321
9.23648
8.88123
6.63562
7.40686
6.96664
9.71924
6.82759
5.28344
5.95275
6.77417
9.23606
9.76325
6.70415
7.0909
10.3825
7.41346
10.757
10.0763
6.47082
7.24095
8.36721
7.71075
7.44514
9.63766
8.05464
9.27839
7.93145
6.89487
7.99903
9.48439
5.29213
4.98216
5.63284
7.16604
5.97474
6.79263
5.85618
7.10629
6.59526
6.85645
9.39603
11.1678
8.74625
8.2093
7.83986
6.95539
8.34884
7.69896
6.68833
8.4375
8.52925
9.4967
7.49273
7.25275
7.88461
10.1595
8.18985
9.47355
11.5294
8.112
7.54004
8.81428
7.33347
8.50929
9.66255
7.32123
6.63437
5.55286
7.16511
7.93534
8.99648
9.94714
11.1505
10.6236
9.6976
9.15946
8.46871
8.77284
6.07558
6.03464
5.1436
6.79252
7.64374
7.18865
9.39268
9.70284
5.63892
7.72548
8.21585
6.67297
6.69531
5.33429
5.76192
7.05504
7.89319
8.49373
10.1516
8.28238
7.32858
6.86233
7.85363
10.696
10.5169
8.97807
8.41565
8.55523
7.00298
7.65048
7.61542
8.35961
7.28187
8.99113
8.30265
7.72494
8.30444
6.5138
6.7002
6.43189
5.31049
7.41778
6.7315
8.29698
6.90002
9.50254
10.5382
7.98347
7.31402
7.93922
5.65756
6.38453
6.83484
8.87433
8.6405
6.566
5.19884
6.77113
9.66243
11.0991
11.2315
8.63279
7.49192
9.71379
9.05701
8.52157
8.20421
9.74564
10.2315
10.9124
6.72041
7.30238
8.15517
7.79299
8.95734
8.86759
10.4222
6.39849
8.31486
9.63476
8.87509
7.42829
8.47267
10.1624
8.68096
8.15859
7.61884
8.59548
9.75839
6.83267
8.45011
7.52632
6.62926
4.84129
7.87968
6.99546
6.38602
8.54329
9.20637
7.29893
8.31389
8.10829
8.67885
8.32282
8.4138
6.46751
6.77072
7.80762
7.03807
4.4788
4.4307
5.10415
4.51018
5.99122
5.47584
4.79235
5.10038
6.99691
6.77058
7.58502
6.4374
5.98131
6.18291
7.48998
8.29078
9.01117
7.0852
7.61334
6.65293
7.18209
6.38351
5.04198
5.28343
6.76765
5.0236
4.52003
4.32452
5.09247
6.61944
8.73343
6.30374
5.97135
5.76291
5.31329
4.15329
4.46482
4.03777
5.12909
5.42862
4.9975
3.96505
4.2605
5.08461
6.47331
7.32587
6.10191
5.80885
3.53265
4.07331
5.02246
4.82871
6.02017
9.36006
6.72378
7.16959
9.02998
8.25185
7.50276
7.7936
7.37282
8.69582
8.18813
7.60463
8.72318
7.79716
5.29998
6.7642
7.5054
7.09554
7.10633
7.24335
5.96089
7.91645
7.88341
7.46564
8.37039
6.40125
5.61469
5.69448
6.20292
4.14865
4.00879
4.27433
5.87659
5.38927
4.68048
4.70264
5.44521
5.91101
4.58056
5.82261
6.7088
5.59271
5.51227
5.81271
5.33182
5.95485
5.85449
5.46283
5.91111
6.21974
5.01129
4.42842
5.11915
5.4486
5.31064
4.9611
7.34099
5.06565
5.02332
3.20446
4.71887
5.55173
5.48279
5.86245
5.26852
5.89015
7.48594
4.38846
5.84872
5.81141
6.20679
6.56041
6.1138
5.22347
5.78323
6.23887
5.63331
6.63421
5.65502
6.39164
6.51736
7.9668
5.66273
5.36685
5.88485
4.66925
4.50875
5.5374
6.13032
4.90712
5.96038
5.54138
5.86082
5.96506
4.69074
4.62996
7.07951
5.68165
4.89175
5.33844
5.92154
6.12021
5.84013
4.93622
7.714
5.04463
3.51995
4.22598
5.94329
4.82587
3.85229
4.42275
6.03641
6.3181
6.35136
4.38272
5.40078
6.50961
5.18768
6.39993
5.46513
5.26635
4.47995
4.54993
5.6512
6.06428
4.95062
5.33927
4.77197
6.24719
7.23383
8.30484
10.4432
5.11239
6.07589
7.00281
6.0577
5.07421
4.38788
5.89732
5.3225
5.05318
5.21865
4.85768
5.33477
5.17427
6.65402
7.88533
5.08314
5.92964
5.95463
5.79146
5.75969
4.61185
4.58254
5.62075
5.80717
5.89328
7.09831
6.01516
5.72701
5.2102
4.55438
5.36635
6.42151
4.67204
5.04976
7.74919
6.13156
5.37128
5.39849
4.91594
5.50462
6.19221
6.40451
6.36066
6.34187
7.10715
6.93284
5.97812
5.50468
6.30144
5.91858
5.33566
5.50257
5.45725
5.9097
5.96169
6.3808
5.88244
5.92415
6.38044
6.15883
5.09801
4.45126
4.11507
6.04199
8.12801
6.79145
7.45554
6.03915
5.71347
5.63213
6.97457
6.50828
4.55938
7.64293
6.97718
5.15914
8.48675
6.44615
6.65595
5.44529
6.57039
6.77453
6.42952
6.48044
8.56623
8.8858
6.13185
4.57243
6.01234
4.60238
4.63245
4.41573
4.90508
6.02619
5.6155
6.8813
5.72868
5.49797
6.14487
6.25191
4.68679
4.60105
5.00283
6.21129
6.30505
5.91284
7.20209
7.90295
8.53264
5.05826
5.60171
5.46685
3.76267
5.55568
4.42435
4.03933
4.22246
4.40472
4.67343
3.46716
4.75391
4.66446
4.33657
4.56627
5.84219
5.03223
5.60895
5.9647
5.93355
6.52448
4.46368
4.52762
5.41862
5.52654
4.72754
3.92815
5.09292
4.34684
5.22267
6.14963
6.11241
5.28974
4.77798
4.66445
5.85642
5.55906
5.82515
6.45116
5.85107
5.60499
4.42218
6.13357
6.32248
5.36791
5.87377
5.35223
4.33921
6.05973
5.9606
5.66074
5.82977
6.25132
5.99681
6.46005
6.1765
5.02001
6.6804
6.48302
5.58096
7.61646
5.92815
4.91137
5.87429
8.02585
8.32526
7.31779
8.73248
5.00955
4.45897
6.98178
9.4009
6.36943
7.25944
6.2688
5.67902
3.67234
4.51213
4.15782
4.91654
4.71624
3.95527
3.61486
4.42066
6.3107
6.50511
6.02283
6.15724
5.34611
4.72767
3.69015
6.3503
5.62911
4.9796
4.4418
5.21485
7.23201
7.31256
6.9431
6.70151
6.44968
4.84491
6.02726
4.29775
5.74396
5.76558
5.34699
5.39583
6.64454
7.02959
8.24631
5.92081
7.02718
7.15618
5.89306
5.85285
5.75732
4.77629
4.65421
4.80354
5.54535
6.08567
4.91814
4.35733
5.93509
4.25938
4.98958
5.41351
5.08115
5.05239
5.51849
5.3495
6.05428
5.73044
5.34518
4.14739
6.62713
6.44461
5.53443
4.55483
5.26254
5.26755
3.91251
7.1872
7.45429
5.57108
5.84027
6.66558
6.18061
4.41114
3.72864
3.82011
4.8041
6.4403
3.92242
4.22211
5.55471
5.73191
5.32484
5.22175
4.95876
6.16446
4.95365
3.50641
3.89486
5.28142
5.69963
4.17818
5.59971
5.6609
5.7722
5.41005
5.76957
5.6051
7.11578
8.45819
6.64568
7.54628
5.60285
4.97882
4.3588
4.57397
4.41676
6.10916
7.89464
5.35898
3.85139
3.28822
4.53137
4.19433
4.43141
7.39615
6.14859
7.09534
5.24264
3.37746
5.62439
5.72937
7.44974
5.07516
5.47475
5.38118
3.61542
5.73435
5.06402
3.57683
3.52056
4.89249
6.23941
5.15387
5.40253
4.86528
4.76725
3.97908
4.15842
4.20423
3.91923
3.00246
3.1506
3.54193
3.34948
2.96649
3.17515
3.86729
2.81441
3.84276
4.92185
4.17485
2.86803
3.48468
3.80642
3.11914
3.92149
4.96597
3.71975
4.3919
3.57327
3.60033
3.85459
4.58338
3.58457
3.89835
3.15278
4.58991
3.55773
3.49354
3.41227
2.55925
3.24115
4.06184
3.86441
3.7133
3.21706
4.39775
4.02676
4.56772
3.39624
3.58734
2.72342
3.5637
3.43821
4.04602
4.15068
3.83856
3.9257
3.36515
4.43817
3.54811
3.04521
3.56521
3.74993
3.48607
3.45681
3.60772
4.33033
5.1757
5.3287
4.56551
4.51975
3.95741
4.35701
4.85325
3.36465
3.06152
4.20155
3.08146
3.75046
2.88205
3.0471
3.54116
3.46368
4.48098
4.64422
5.14807
4.19054
3.68613
4.47067
3.72561
4.07986
4.08211
4.20085
3.82621
2.98588
3.4925
3.11954
3.72806
3.90113
4.70658
4.95412
5.16886
5.19275
4.17643
3.84896
4.25859
4.22148
3.73417
3.78603
3.97207
3.6636
4.12359
4.60863
4.38991
6.25171
4.36096
3.75655
3.60914
4.11369
4.95728
4.45291
4.08306
4.26609
3.96576
4.2547
4.75819
4.18368
4.03417
5.10824
4.03962
4.96867
5.86098
4.59208
4.61232
4.19468
4.75228
3.91981
3.45191
3.28902
2.87409
3.39134
3.30056
3.42082
3.23625
3.64323
3.57273
4.07178
3.74325
3.9018
3.62287
3.85676
3.98549
4.28623
4.37989
4.49154
3.39734
3.26316
4.28055
5.14962
4.53152
4.66603
3.87743
4.11786
4.09819
3.56558
4.28066
3.41993
3.42301
2.68448
4.04969
3.49351
2.72236
3.34171
4.83197
4.70033
3.32981
4.0664
3.21569
3.5187
3.82838
3.64107
3.36083
3.81587
3.75456
2.93315
4.05361
4.22617
3.93909
3.8069
4.03384
3.34297
3.92913
3.99496
4.01162
3.16442
3.46058
3.54096
3.37639
4.47909
4.39619
8.3162
3.65242
4.26056
4.04665
4.79027
5.85792
4.81802
3.90355
3.28137
3.83948
4.03514
3.35799
3.04912
3.3171
2.72242
3.04331
4.04572
4.11858
3.98863
3.78574
3.31468
3.65898
4.79191
4.12438
3.67902
3.8772
5.31149
3.19854
3.33508
3.29626
3.96111
4.10295
4.38992
3.5079
3.62032
3.41544
3.44163
3.89209
3.6979
4.05756
3.75402
4.03023
4.68363
5.23164
4.56469
4.58208
4.6937
4.69001
4.39186
4.54501
4.27308
3.98074
3.84544
3.54105
3.51459
3.8417
3.94825
3.63199
3.6398
3.12875
3.75643
3.41798
4.64685
3.20085
3.597
3.48414
2.84051
3.09778
4.01571
4.35079
4.2934
3.91937
3.97068
3.3273
4.04751
3.83061
3.04843
3.40409
3.02498
3.55472
2.86342
3.47354
4.25576
3.83506
3.61473
3.72688
4.11705
3.36957
3.14484
3.55263
3.28571
3.43236
3.75835
3.76799
2.88746
3.47184
3.34967
3.70808
4.16107
3.57441
3.5068
3.69119
2.96629
2.8862
2.85706
3.44862
3.42206
3.24098
4.54823
4.51182
4.08665
4.23788
4.79469
4.11993
3.70295
4.25379
4.81628
4.77438
4.21483
3.70483
4.71289
3.89202
3.73685
3.28799
3.38136
3.43679
3.81537
3.84366
3.74784
3.4562
2.90554
3.54708
3.54913
3.12624
3.86911
3.78406
4.46233
4.57386
4.71569
5.10041
5.11813
3.97904
3.54263
3.26191
3.25224
4.23436
3.92595
5.37753
5.01539
5.28146
4.44447
4.82073
4.67702
3.95738
4.06284
4.36798
4.42716
5.58733
4.43877
4.42144
4.15085
4.24411
4.59258
5.54852
5.44425
5.02376
5.10938
3.54771
3.71302
4.33012
5.49842
5.30491
6.15025
6.58313
6.5299
6.22842
5.52036
4.07224
3.43478
3.29762
3.07499
3.92023
3.39678
3.70889
3.65455
4.98671
3.55011
4.14161
4.05218
3.847
3.94285
4.67974
4.3455
3.83885
3.96429
4.44946
3.53028
3.72941
4.3972
3.41253
3.586
3.91939
4.52633
3.99332
3.3421
4.68402
4.10707
3.41964
3.77231
3.58241
3.24983
3.19158
3.16798
3.68071
3.93943
4.64171
5.2298
4.44087
4.7844
3.59004
4.17624
4.46271
5.03954
4.51434
4.3376
3.45466
4.32767
4.59611
5.34792
4.98173
3.57916
3.68929
4.02909
3.33408
3.82757
3.30511
4.11566
3.63572
3.61539
4.10924
4.70376
4.02395
3.23166
5.10131
4.8661
4.0803
3.53814
2.71511
2.8167
2.8703
3.10661
2.97913
2.66906
3.29533
3.30429
3.58233
3.88002
4.17213
3.55909
3.44734
3.31043
3.12436
5.23583
5.23878
3.76597
3.63288
4.11152
5.0139
4.9049
6.38431
5.42825
5.24039
4.94739
5.68395
5.81897
5.87921
5.42448
5.60132
4.73985
5.27103
5.30597
4.95581
5.37347
5.41753
5.49687
4.99371
5.14895
5.07396
5.26714
6.44923
5.70873
5.496
5.88958
5.7804
4.98109
4.16983
4.04481
3.33149
2.80392
2.51281
2.43301
2.84457
2.72405
2.59531
2.74229
3.18279
4.21626
4.29044
3.47995
3.42886
3.12956
3.27295
3.22219
2.79373
3.18441
2.86903
2.95082
2.61076
2.29784
2.54374
2.62035
2.92374
2.56342
2.37777
2.25936
2.57462
2.44095
2.27564
2.27358
2.82518
2.41173
2.31767
2.24305
2.52916
2.69746
2.55103
2.84845
2.73011
2.60726
2.43334
2.31641
2.40622
2.29027
2.27764
2.45477
2.62245
2.32783
2.16681
2.24384
2.35773
2.74378
2.80238
2.84349
2.94771
2.75233
2.57747
2.30287
2.25717
2.42776
2.54908
2.8163
2.33446
2.59728
2.39883
2.30501
2.45958
2.60711
2.2547
2.204
2.32758
2.42335
2.49256
2.45242
2.54704
2.60306
2.74802
2.49987
3.25472
3.40392
2.50651
2.40339
2.55064
2.59943
2.61915
2.60104
2.76652
2.77208
2.91216
3.01353
2.50799
2.80439
2.46549
2.19121
2.65776
3.30119
3.34781
3.01498
2.93118
3.00221
3.16579
3.0925
2.84193
2.32878
2.30327
2.57101
2.63367
2.46243
2.43514
2.44264
2.51496
3.32975
3.03004
2.65741
3.24369
2.69723
2.35307
2.31805
2.40717
2.52107
2.85023
2.59304
2.94738
2.7556
2.84057
3.22848
3.28202
2.80143
2.66434
2.67835
2.4164
2.23514
2.69796
2.85952
3.03815
2.59023
2.4517
2.81286
2.60178
2.8152
2.48662
2.65172
2.40672
2.69875
2.43539
2.60195
2.61097
2.64061
2.63948
2.47749
2.54838
2.37864
2.35155
2.54254
2.55255
2.5865
2.82452
2.63263
2.61802
2.43513
2.28599
2.40423
2.45951
2.52929
2.71207
2.66345
2.87196
2.74974
2.56326
2.51862
2.51636
2.70707
2.89515
2.89097
2.9832
2.58569
2.50592
2.61113
2.54682
2.55686
2.64542
2.5539
2.50032
2.7681
2.9551
2.52602
2.66531
2.57895
2.80596
2.38201
2.52894
2.37003
2.50886
2.96721
2.76058
2.84343
2.77923
2.53624
2.63797
3.01776
2.67141
2.5874
2.47533
2.71595
2.83745
2.95057
3.01983
2.43214
2.69175
3.24079
2.73424
3.14148
2.97467
2.7348
3.13142
3.07431
3.0172
2.78148
2.90627
2.70353
2.56771
2.49825
2.34338
2.35973
2.64268
2.53915
3.00072
2.53645
2.44347
2.32853
2.27492
2.38268
2.49932
2.64354
2.56636
2.42432
2.87314
2.35581
2.29508
2.81704
2.58258
2.69781
2.44145
2.4859
2.2862
2.47951
3.0094
2.56423
2.4243
2.34176
2.60821
2.75972
2.65922
2.63731
2.81829
2.40693
2.51722
2.6706
2.7659
2.97792
2.87603
2.48862
2.44625
2.33288
2.55926
2.5282
2.31114
2.63582
2.60747
2.21055
2.81873
2.39504
2.46202
2.56776
2.55208
2.80058
2.9708
2.91093
2.85358
2.69025
2.80254
2.57763
2.56477
2.70684
2.49117
2.49593
2.52061
2.8309
2.46862
2.37879
2.63725
2.88496
2.62727
2.75942
2.72594
2.44094
2.7816
2.76852
2.28256
2.39587
2.73757
2.46383
2.50562
2.838
2.96952
2.94798
2.77749
2.62839
2.81647
2.69548
2.88842
2.33833
2.2147
2.5896
2.58145
2.20388
2.45093
2.36777
2.46676
3.19536
2.67346
2.69266
2.99799
2.64339
2.64594
2.51552
2.89413
2.82361
2.62238
2.43739
2.64506
2.96439
2.83353
2.56197
2.11656
2.2211
2.10977
2.4878
2.61032
2.67953
2.62704
2.36791
2.49346
2.51205
2.97813
2.71774
2.50865
2.7314
2.60169
2.36062
2.81138
2.35557
2.26962
2.25447
2.43189
2.19648
2.45673
2.33585
2.53066
3.24099
2.72136
2.87218
2.93003
2.8757
2.78719
2.64091
2.7206
2.78342
2.59502
2.67234
2.61754
2.87797
2.80819
2.55328
2.64538
2.16691
2.29104
2.10834
2.64559
2.27321
2.93394
2.6388
2.40662
2.6051
2.62989
2.42745
2.28258
2.30795
2.66266
2.99869
3.29144
2.89018
2.9562
3.03368
2.84941
2.66532
2.47905
2.48597
2.34998
2.51281
2.75799
2.7811
2.67868
2.3712
2.73833
2.82475
2.73547
2.43059
2.53832
2.63199
2.40738
2.18668
2.54519
2.69931
2.77902
2.6516
2.81178
2.70338
2.78506
2.37816
2.81215
2.64465
2.7075
2.75897
2.43797
2.81651
2.80281
3.05446
3.11201
3.01881
2.79579
2.41064
2.57751
2.84115
2.76248
2.85043
2.90722
2.80037
2.53629
2.72247
2.89267
3.49863
2.9138
2.51472
2.47405
2.50608
2.45729
3.12943
3.37395
3.25079
2.43371
2.5959
2.82842
2.63479
2.64199
2.41887
3.51188
3.91676
3.95277
3.26648
2.13825
2.46831
2.51416
2.5993
2.65515
2.64743
2.68528
2.35121
2.76849
2.76131
2.77116
2.8521
3.10958
3.06074
3.33277
3.04887
2.71287
2.73648
2.47192
2.70175
2.73877
2.62468
2.99675
3.06946
3.07419
2.7987
3.63773
3.27626
2.89585
2.58691
2.92888
2.99334
2.55027
2.73345
2.90792
3.03681
