0.0250674
37.4279
35.024
37.1698
36.4112
35.1454
36.1887
36.0966
34.6613
34.6454
35.5941
35.7495
36.071
36.6755
35.1469
35.8187
36.6792
34.9227
inf
35.4833
35.4879
36.3504
35.1305
34.7189
34.8532
35.3933
35.403
36.4045
35.5262
34.2896
34.1394
35.8245
36.0755
35.2479
36.2791
34.7176
37.3166
35.0122
37.0739
36.1938
34.3903
36.7151
35.8095
36.8891
35.7639
35.8712
36.1045
35.4592
34.8647
36.6504
34.746
36.34
36.8691
35.1515
34.2182
34.6743
36.0194
35.8761
36.6493
35.9874
36.9051
36.8933
35.4296
35.1466
36.5519
36.3722
35.9952
35.002
36.4066
34.4271
34.9415
34.3045
33.7073
35.2864
35.5236
34.7953
36.6037
35.6877
34.6166
35.9759
34.5876
35.6231
35.2013
36.6691
35.5189
36.4022
33.5798
35.1704
35.8341
36.1602
36.2753
35.9718
36.1312
36.7952
34.1806
34.7759
37.7644
35.3231
33.7398
33.7013
34.7101
36.878
34.5572
33.7804
34.7214
36.0724
35.3023
36.0242
35.1218
36.4822
37.0803
32.8679
34.8299
35.5733
36.7559
35.1585
35.4213
33.9018
34.83
34.9012
34.8043
35.2631
37.3041
34.397
35.2956
36.9288
34.8193
35.4768
35.4818
34.6397
36.095
34.4281
35.055
35.3063
33.4992
36.2015
35.8545
35.5595
36.2568
35.2063
36.9543
35.9848
34.7285
36.3993
35.6098
36.5599
34.5587
35.8042
35.7241
34.4015
36.3181
36.9173
35.7858
35.8243
34.7249
36.5223
38.1577
34.6586
34.4279
37.1245
35.8649
34.3658
36.7715
33.6734
34.8485
36.0141
34.2655
35.5233
34.6196
35.3295
35.3652
35.7797
34.0322
35.3511
36.9279
36.2317
34.8478
35.8708
36.7088
35.6035
34.0496
35.3623
35.7878
35.0705
35.1237
33.9648
34.3467
34.8672
35.371
35.4095
37.0944
35.5712
35.2069
34.4947
34.5558
34.7389
36.1879
34.7238
36.0557
35.0399
36.1505
36.1142
35.0013
36.0633
35.4371
37.5152
35.031
33.4378
34.4904
36.7
35.2173
36.1493
34.9435
35.1839
34.5219
33.0244
35.4397
34.9061
35.9965
35.6098
34.9729
37.8363
34.8493
35.5543
35.9823
35.464
36.1298
35.2467
38.1225
35.5551
35.1167
33.6675
35.3035
35.5796
36.0483
37.3022
35.439
35.3139
37.4308
36.6716
34.3819
36.4701
35.3486
37.4717
34.5237
34.9167
33.5156
35.8109
35.6952
37.208
35.0542
36.0384
35.6677
34.6838
36.4517
35.2475
35.2348
37.2721
36.5129
37.1677
36.7439
35.0671
34.6464
35.8292
35.2332
35.4317
35.529
35.1186
35.7157
35.5996
35.099
35.9318
35.629
36.5648
34.5357
34.8408
36.6359
34.836
35.255
37.4436
36.7936
33.206
inf
35.292
36.655
36.9811
34.303
34.822
36.205
37.1459
36.2785
35.6895
35.2297
36.1076
35.8099
36.4642
36.6016
35.7551
36.5387
35.71
36.4918
35.374
34.6719
36.5234
34.8217
35.7744
36.5204
37.7044
37.1656
35.2588
37.2844
37.4722
35.4164
35.0148
34.4788
34.2007
34.2621
36.1931
34.7327
34.7667
35.99
36.0007
34.3964
36.1051
34.378
35.4172
35.2031
35.3576
33.8212
33.5333
35.8419
34.1048
36.5717
34.805
35.0643
37.1472
34.3813
35.3335
36.4306
36.2918
34.0328
35.3268
34.6916
35.1656
36.4136
35.9453
33.9205
34.0148
34.3495
36.6224
36.2198
35.3164
36.1199
35.1709
36.4225
35.3031
35.848
35.5302
35.6241
36.1643
36.3548
35.8721
36.3511
36.1587
35.718
34.3774
35.648
35.8804
36.0206
35.9154
35.4256
37.5777
34.8891
35.7583
34.4943
35.3392
34.4968
35.1466
inf
inf
inf
34.3236
36.2289
35.2563
35.0661
37.1576
36.4448
36.305
34.3879
35.936
36.4722
34.874
36.3557
35.0959
36.5977
35.1424
35.1092
35.4382
35.0693
36.1899
35.6741
34.7298
35.4256
36.0445
35.2439
36.9
37.0309
36.0628
35.3153
37.1497
35.934
37.3279
34.625
33.9214
35.4567
36.5156
34.6499
36.6057
34.4442
34.359
34.3911
36.7786
34.127
38.0819
35.4905
35.4322
35.9545
34.9241
36.0442
36.0035
35.8354
35.6774
36.2933
34.4228
36.9748
36.6024
36.187
36.3129
36.7138
37.432
35.9195
34.6675
35.9275
35.2583
35.6114
35.1026
35.8284
37.5575
33.5383
35.6158
35.0241
35.7814
37.0332
35.2052
36.1707
34.6376
35.8418
34.9802
33.1809
34.7283
37.4092
36.4666
34.6603
36.0494
34.8853
36.6948
37.1938
35.1889
35.9732
36.8123
35.8791
35.2722
34.7013
37.7854
35.6351
36.8496
36.0618
37.1237
35.9714
35.2124
35.875
36.3771
36.8646
34.8368
35.9199
36.4772
35.0332
34.5672
33.2073
36.6979
35.4039
37.0193
35.7618
34.4481
35.5932
36.4088
35.1068
37.5866
36.7717
35.2214
37.3078
inf
35.8814
34.402
35.3612
33.7192
36.0991
35.141
36.4189
36.1708
35.5669
35.4909
34.2655
34.4334
35.1886
34.4125
33.7486
34.9327
33.9136
inf
35.2883
33.511
33.7781
34.206
33.5068
34.919
34.9845
34.4597
36.2586
35.8424
34.5087
34.1734
35.0916
34.2614
35.8251
35.129
33.6563
34.3337
35.9933
34.1425
32.2027
35.2044
33.6108
34.7697
35.1859
34.2896
34.7032
33.7781
35.3589
33.9197
35.6777
33.6347
34.4348
35.1435
32.8567
35.4239
34.4924
33.0178
34.9583
34.9747
34.128
35.5524
35.2455
33.7583
32.096
35.1695
35.5005
34.8098
34.3897
35.4604
35.2809
34.5491
34.2288
34.4494
35.3371
36.624
34.1047
33.8462
35.8382
34.4431
inf
inf
35.5879
35.6278
35.9538
33.6181
33.9815
35.0066
34.2493
34.0872
34.5781
34.4578
34.7335
34.7079
34.3061
31.7004
34.5855
35.5408
34.3205
34.5517
34.5833
34.1614
33.8921
35.4292
33.5661
35.4778
34.463
inf
35.0757
35.2574
35.6273
34.7422
33.361
36.3447
35.4485
34.9434
32.9107
34.1575
32.8801
35.4638
32.9472
35.7311
37.324
33.8205
36.447
33.0675
36.065
34.6305
32.9312
34.8772
35.8486
35.873
34.0769
33.8378
36.3219
35.5084
33.3567
35.0095
34.8536
32.567
34.814
34.1905
33.6657
34.245
34.6732
35.108
35.8997
32.9716
34.5488
33.7504
34.5486
35.1061
33.6215
35.452
34.4931
32.5984
35.5316
36.0739
33.3923
32.269
35.9524
35.0555
34.5949
34.496
35.3254
35.3011
34.6443
32.9796
33.6441
34.0846
35.5771
36.057
34.6412
35.1437
34.4613
35.4654
35.2898
35.1492
35.2179
35.306
33.3686
34.334
34.7563
33.341
34.5533
33.1128
35.5571
35.7204
34.4407
34.691
32.6945
33.6748
35.1495
34.1521
35.8451
34.7102
36.1263
34.2222
34.8151
34.9461
34.5417
34.4829
35.321
31.8616
35.6086
36.0527
35.6391
34.2465
33.9016
35.2283
35.4794
35.1757
35.6976
34.7702
35.1753
35.0206
35.0058
35.6806
35.2384
33.1948
35.1562
34.7356
35.1191
35.7713
34.4672
34.5407
36.581
36.1573
35.4786
35.4782
35.4955
35.1813
35.4567
35.4963
33.1774
35.6556
33.9211
34.6859
35.7967
34.1259
34.2452
34.205
34.4529
35.0484
34.5425
36.9379
34.3749
35.5267
35.0644
36.0398
34.1253
35.404
34.382
32.9072
35.5549
35.6668
35.0213
35.2609
34.3045
35.3836
35.4814
33.8629
33.6942
35.6256
33.9018
34.9714
35.8731
35.3022
34.7302
35.7687
34.5556
35.7769
34.2314
35.4192
35.1039
34.1134
35.4815
34.9954
36.3783
34.8112
inf
34.6012
34.6804
33.9031
35.524
35.2249
35.3972
inf
36.306
inf
35.0228
33.8269
33.9398
34.1588
34.9717
35.4447
33.9555
34.256
33.0816
35.9026
33.7264
35.0737
34.3578
35.809
34.1672
34.0243
34.1404
35.108
33.9118
35.5426
35.7847
34.3112
35.3279
34.6221
34.2058
33.346
36.076
35.4314
33.5414
36.3473
34.6559
33.3035
35.81
34.094
35.8904
35.0617
34.0711
35.7834
35.1427
34.7799
35.273
34.5519
34.383
35.0296
34.6475
34.304
33.1674
33.1086
33.931
34.9599
35.4575
33.2993
32.895
35.0846
35.8579
35.6588
35.1241
35.1273
34.6333
33.357
34.3589
34.6512
34.9935
35.3455
33.187
34.6432
33.8089
34.9914
33.3866
33.9395
35.0624
35.8959
33.8189
36.1056
34.6347
35.5381
33.8847
36.452
35.4543
34.8873
35.7554
34.5798
33.3835
35.7553
36.171
35.6202
35.3639
34.7571
35.4185
35.4912
34.588
34.4671
35.2254
34.8099
34.4079
35.5276
34.5327
35.0774
35.8294
inf
33.6234
33.8107
35.451
34.1736
35.1028
34.8881
34.5462
33.5606
35.2178
35.3708
34.5387
36.7963
35.8541
35.0773
34.9779
35.8055
34.552
33.91
36.8836
33.8654
34.3561
33.5588
35.3131
33.5358
35.4431
36.1841
33.8414
34.5534
35.2783
34.4439
35.0528
34.1595
34.9698
34.407
33.7247
35.5452
33.6549
35.5639
34.6735
36.9587
32.6079
34.9133
36.368
34.0739
34.4609
33.7878
34.0568
36.0941
33.874
33.361
35.2861
35.0805
35.6533
36.1899
34.9421
34.5413
35.0615
33.9421
33.4764
34.4208
35.4033
35.3272
37.1415
35.1036
33.9843
35.0204
37.0798
34.8552
32.1327
34.1165
35.5488
35.2886
34.3157
36.2822
34.3198
33.3992
34.8366
35.4037
34.0959
36.3542
33.6905
33.293
35.4845
35.9834
33.5471
34.3149
33.9038
33.8457
34.2445
35.6774
35.3312
34.5981
34.2681
34.3364
34.6456
34.7367
34.1502
34.1678
32.7087
36.5024
35.1535
34.9477
33.7493
35.4234
35.3444
35.1446
34.9973
34.7662
35.002
34.5239
34.7326
33.4958
31.7586
32.1239
30.986
32.7265
31.3301
33.49
32.894
35.7844
34.2579
33.4234
33.2499
32.8574
32.7054
34.5568
33.7675
34.1768
34.6507
34.3409
33.1944
33.1567
inf
31.9301
32.4638
33.5746
33.1204
32.4147
34.8426
34.6745
33.4718
34.8356
34.1446
34.488
32.6754
34.1466
32.2667
33.3223
33.7472
33.2432
33.028
33.4964
33.8118
33.0814
32.57
32.6367
34.6472
33.6899
34.0305
31.462
33.9305
33.6451
31.1881
31.602
33.7089
32.8893
34.0715
inf
35.4748
32.0605
34.2773
33.6836
35.348
32.7329
33.3521
34.8711
33.8038
32.1036
34.1968
34.5201
30.3199
31.9953
33.8981
32.5996
31.5405
33.043
34.5522
33.061
32.8929
35.326
32.2966
34.5337
32.2044
32.7435
33.3955
31.0572
34.7371
32.0792
33.5388
33.0087
32.7485
33.8135
33.3876
33.8055
34.3508
30.778
33.9675
31.4359
34.2198
31.6299
inf
34.2151
32.4439
31.7172
33.8681
32.5133
33.6857
33.6182
33.2582
34.253
33.6452
33.9146
33.0313
34.3155
31.429
33.1644
33.4469
35.4617
34.8043
32.2044
34.5806
32.0828
33.3027
35.8913
33.2759
34.4755
33.8339
31.0981
33.0032
35.6276
32.7184
33.8881
32.4384
33.8646
33.588
33.4367
32.0654
34.0082
33.3272
33.9354
33.5406
33.3492
35.0259
33.6875
34.39
31.9841
32.6309
33.3059
33.2995
32.6692
33.8837
33.3244
32.963
32.3808
34.0146
32.6745
32.9233
33.1497
34.4459
33.6206
33.1525
34.7756
34.233
31.1283
33.9594
31.9268
34.8211
34.6972
33.8531
inf
inf
inf
34.5598
35.1534
35.4852
32.821
32.7524
31.815
31.3623
33.1604
36.2481
34.5509
32.3002
35.1228
30.9598
35.5276
32.6591
32.7526
31.7954
33.222
32.8259
33.5091
32.2868
33.2741
33.4636
33.8288
34.264
33.8226
33.5214
33.7058
30.7198
34.2657
31.803
34.1479
33.5789
33.6812
33.8048
35.1879
32.6426
35.2908
36.1036
32.3787
32.2989
33.8074
33.1183
31.156
32.7957
32.6604
32.5905
35.5037
34.7144
33.1389
33.3934
32.1066
32.5581
32.9325
32.8444
32.7917
33.5266
32.1306
34.2216
31.9734
31.744
33.5599
32.4965
31.0636
34.3331
inf
inf
32.2878
33.5409
32.5897
32.9661
33.0577
34.4469
33.2031
32.6671
33.4338
34.3492
32.8899
32.8031
33.9379
33.0607
34.778
34.3316
34.0453
34.1663
32.2169
33.9556
32.9227
33.619
33.6664
32.636
35.4966
32.6644
34.017
33.8431
33.1895
33.5584
33.918
33.8227
32.2863
33.3563
34.7017
32.3137
33.5026
33.9593
32.2146
33.4548
32.7326
34.8156
31.8498
33.0705
35.021
33.8556
33.4764
35.6827
33.9876
inf
inf
33.0119
32.7346
33.3659
33.556
35.6865
31.201
32.2165
33.9473
34.0949
32.42
34.1713
32.6113
32.4097
32.9036
32.4084
30.8425
33.1306
31.9496
33.2424
33.3396
32.2995
31.5521
33.4404
34.5558
34.5056
33.6336
33.2212
34.2109
32.9709
32.5361
32.7945
32.3892
33.6174
32.6971
33.7444
34.8855
34.7252
33.8211
33.2845
32.0458
32.7917
33.0972
30.6143
32.958
33.7366
32.1786
34.5225
33.9949
34.8275
34.4951
33.3876
33.3539
33.0255
34.1714
34.6239
31.3613
32.8588
31.9155
33.8153
36.6132
inf
inf
34.0982
33.5584
35.012
32.7431
32.1344
33.0412
inf
33.9903
33.7854
33.4911
33.1178
33.7939
33.0168
34.7057
34.4086
32.3377
32.28
34.4048
32.5808
32.921
33.3932
32.1213
33.3973
34.2179
36.0164
33.2447
33.2752
34.6901
32.2973
35.0069
31.458
33.7726
inf
inf
31.9991
32.8687
32.7991
33.2967
33.105
35.2983
inf
33.4806
33.7605
34.4202
33.4818
32.4548
32.683
33.9716
32.8497
inf
32.5866
inf
33.9682
33.3999
inf
33.2482
33.9554
33.0235
33.8869
32.1117
inf
inf
inf
33.6088
33.3137
35.4723
32.2716
32.9027
32.6611
32.0778
33.0431
33.8869
32.7416
32.8189
inf
inf
34.6213
34.5354
35.3854
30.4461
31.0609
32.4894
33.8075
34.6424
35.3177
33.1302
31.8797
32.2155
33.1189
inf
inf
34.8381
33.9529
33.9482
34.4115
33.899
inf
inf
34.3595
33.0111
35.987
inf
32.7552
inf
34.2559
35.3892
32.5382
32.4216
inf
33.1047
34.1588
32.1869
32.1777
33.8157
32.906
34.2946
inf
34.8259
33.7213
32.4402
31.4368
32.3386
31.1205
32.6161
33.3368
33.9168
32.8558
35.7392
33.505
32.8764
33.3628
33.7225
33.8365
35.0602
31.7104
32.8592
33.1275
33.4438
34.0583
34.4531
32.38
34.5518
33.1746
33.5577
31.5453
32.9452
34.9221
32.0889
33.5202
31.7284
32.0356
32.1888
32.6317
31.0917
31.7847
32.433
31.9871
31.5362
32.8323
30.9076
31.3418
31.7726
32.2454
30.1966
31.5622
31.198
31.5209
32.2766
32.4946
31.921
30.7991
31.5046
30.6911
31.4145
31.1562
31.3738
32.6679
32.2036
31.9358
32.6095
30.1336
31.12
30.9481
32.3601
31.3699
30.8009
32.5027
30.9307
31.705
30.738
33.2213
31.0238
31.0422
29.7442
30.7046
32.6211
29.7657
33.4233
30.9713
29.7459
31.3971
31.2387
33.6051
30.6341
32.5023
31.8961
33.0265
32.1867
32.251
29.8362
30.517
32.3383
33.5993
33.6441
30.6482
31.6774
30.4086
31.569
32.7048
31.279
31.0795
31.7176
32.5154
30.5624
31.2523
30.687
32.8897
31.3695
34.4974
31.2158
32.6697
33.0365
30.9437
33.3919
30.0207
31.2975
34.1725
33.0298
31.3017
31.6081
33.3645
32.4851
inf
30.5352
30.1183
31.723
31.3726
32.7965
31.9471
30.9526
32.4883
30.8051
33.6744
31.2176
30.5537
31.9955
31.8579
30.8905
32.0983
31.4628
31.0501
31.6012
31.2791
30.3747
30.7258
32.0521
inf
31.3948
31.3915
32.3315
30.4684
31.746
31.2748
31.7122
32.3287
32.8396
inf
inf
inf
30.5824
30.52
31.8986
31.0703
30.8851
31.254
30.3005
33.4289
31.5971
31.4317
30.067
31.2813
31.2613
31.7484
29.6394
30.9198
32.1507
32.3349
31.2131
inf
inf
31.7043
33.2959
29.4667
30.9754
32.2984
31.9225
29.7509
31.559
31.6969
32.0067
30.1246
31.7358
34.0491
30.678
31.8099
32.8113
30.0012
30.2688
32.175
32.0462
32.617
32.8435
31.4183
30.4663
30.1746
33.1742
32.1671
32.6971
31.982
31.5634
31.2529
31.9242
30.4274
32.3924
32.2503
31.6665
33.6249
32.2608
33.1056
30.6103
29.216
29.4933
29.8246
32.3681
29.5039
32.3588
30.4341
32.1372
31.0919
31.8319
32.0985
30.7679
32.2136
31.2841
31.9629
32.1697
32.6569
29.997
30.4868
32.0165
31.6092
32.9091
31.5
32.5227
30.2413
34.3823
31.7943
33.5896
30.1257
32.153
30.4992
31.7283
31.3477
33.3678
33.792
30.5437
31.2024
31.1424
31.3978
32.4894
33.422
31.5976
30.8716
29.9599
33.7417
32.5192
32.1604
30.5563
31.7644
31.8862
29.859
29.2882
31.019
32.1007
31.6767
32.15
32.3748
29.84
33.2318
31.6139
29.9428
31.0668
31.3304
30.6148
31.8039
31.204
32.6083
29.9112
32.1642
30.5727
31.7764
31.292
31.2519
33.0987
inf
33.3399
31.6602
33.3193
31.7416
32.4259
32.3991
31.4512
30.7431
31.8809
30.8686
32.6637
30.9662
32.8471
33.1483
30.672
32.5347
31.7497
33.6278
31.5377
32.2005
30.5332
31.4149
30.0738
32.4772
30.7828
31.8663
29.0569
31.2274
30.5447
31.6385
32.3026
31.5163
29.1347
32.4639
31.7951
31.0795
31.6406
33.7074
31.3019
34.0006
31.4966
32.8209
31.7507
31.5513
30.5885
30.5366
inf
inf
inf
32.2475
30.4288
30.1714
31.5007
33.9111
31.3458
32.3764
30.8396
33.7031
34.9283
33.1842
31.0092
32.3447
31.1233
31.3491
30.8503
32.077
31.8335
33.1837
31.8154
33.0887
32.5376
30.1102
32.7193
32.7166
30.2457
32.6022
30.9594
31.2078
30.6726
33.0398
30.5453
30.053
31.7306
32.2024
33.1647
31.83
30.2861
31.8212
33.6113
31.3509
31.6262
31.8784
29.6863
32.0387
29.6107
32.974
32.3625
31.7411
32.8239
33.1801
29.9972
32.7206
32.3662
32.0776
30.913
31.3716
30.7668
33.3198
inf
31.3054
29.2406
31.3566
29.8071
33.5175
31.8228
32.0075
30.5033
32.1363
32.2221
32.0686
31.7512
31.3579
inf
32.8495
30.4705
32.3003
31.3769
32.6438
31.0385
32.9961
30.7482
31.5681
29.5692
32.3643
29.9912
30.4023
32.597
31.8134
31.8472
29.9773
31.4222
30.9798
inf
31.5988
31.2581
32.119
30.5384
33.5107
32.3168
32.401
31.19
31.9755
32.0348
31.0569
32.98
31.6025
31.6024
inf
30.4876
32.1189
32.11
31.8289
30.631
32.1739
31.3079
32.2048
inf
29.7831
33.0416
32.83
32.7719
31.2345
30.1568
30.0969
32.573
30.8713
31.162
31.6308
32.284
30.1835
inf
31.0134
31.4799
32.2018
29.7986
31.9492
30.0035
32.8039
34.3264
31.0497
29.7117
30.522
32.8971
31.8439
33.0097
31.236
32.1786
32.4978
30.4912
31.875
32.3403
31.2169
30.5812
31.174
inf
32.9538
31.4489
31.6417
31.4879
31.5526
32.9353
31.423
30.9354
32.5049
29.83
31.6729
33.1069
34.2542
31.6504
32.2464
33.2092
33.0651
32.4532
31.7124
31.93
32.4202
32.3118
32.057
32.6031
inf
31.1192
31.0655
31.1173
31.5669
27.0311
29.7864
27.7807
28.0359
28.4996
30.6859
30.3617
29.7777
30.0947
29.4688
27.8413
30.0893
inf
29.0541
29.7718
28.8207
29.6453
30.6131
27.8863
27.7232
29.2576
28.0641
28.9674
29.0596
26.3559
30.3366
30.0987
32.2042
32.1648
27.725
29.8108
32.1332
28.5672
28.7335
29.6804
30.6936
28.6748
31.0588
32.2209
31.2179
30.8306
28.9313
30.699
30.3754
30.2141
29.8432
29.275
29.0116
29.2226
30.6155
29.8544
31.7524
29.4596
28.0616
28.9882
28.8979
30.2116
30.052
28.9513
29.4896
30.4807
29.8966
29.7261
27.1936
28.9604
29.5114
29.0597
30.6628
29.4457
28.7005
27.8781
28.636
29.4549
30.2576
29.901
29.4945
30.2309
29.0617
29.6483
28.7438
28.0939
28.6306
29.0529
29.3953
31.514
28.3454
29.5155
29.0078
28.8588
31.2085
29.2572
28.9913
28.638
30.2012
28.9985
30.5594
28.089
30.365
28.8997
27.5504
27.9818
30.1626
29.9393
30.6819
29.6036
31.9596
29.1196
29.8509
28.5787
28.8769
29.5668
29.4117
27.7494
28.8264
29.7839
28.8156
29.1844
29.7149
28.2205
29.0344
29.1475
31.4285
29.0452
30.3921
29.8984
29.8036
29.014
29.5641
29.8718
29.9083
29.4267
29.4175
30.0996
28.7195
31.3878
28.984
28.1789
30.1692
28.8775
29.1273
27.6779
27.6231
29.3605
31.7503
29.4301
28.9807
30.1599
29.6059
29.8099
28.4883
30.4815
30.8754
29.6033
28.9838
27.479
28.7481
29.8977
31.042
28.1244
31.0091
29.8227
27.8716
25.9072
29.8999
28.1973
29.51
27.5363
inf
29.3144
30.0972
27.6759
29.1235
28.313
28.6153
29.8164
28.6997
27.0844
30.3189
29.93
28.8545
31.1491
27.7938
30.2412
30.7566
27.3417
30.9053
30.3024
30.4404
29.8891
30.2606
31.7887
26.4956
27.3023
29.9996
28.2371
28.7261
29.2859
30.2121
30.1542
29.0038
30.9148
27.5381
28.8583
28.5987
inf
29.1234
29.3097
29.0601
30.2796
28.2944
28.9842
28.796
30.6125
29.8056
28.7851
30.0085
30.0173
30.4594
30.5105
29.5911
30.1189
27.14
28.2817
29.5972
28.0581
30.2648
30.6817
30.7002
29.9245
29.986
30.2176
29.154
29.4819
27.5464
inf
28.9578
29.9325
28.3231
27.9531
30.7091
29.336
29.7478
31.434
28.1829
30.4215
29.0517
30.6851
28.232
29.2205
28.9568
30.232
28.7278
28.7655
27.9154
28.9503
29.84
28.6503
29.4829
29.1931
30.7654
30.1875
31.0253
30.8755
30.9767
29.9442
29.6917
28.3909
29.9876
28.5999
28.825
29.1428
30.3243
29.5657
29.3439
29.7524
29.1198
28.7706
28.3025
29.104
29.0676
29.4014
29.2799
30.3165
26.0786
30.1937
30.1781
28.8477
29.0403
30.6071
30.2857
31.0297
28.0731
28.5844
30.4391
30.1648
28.0603
29.1725
29.6366
29.2922
29.096
29.6807
29.9243
29.2118
28.6622
27.7955
30.6751
28.5127
inf
30.0971
28.0299
29.8639
29.0192
30.728
29.4272
30.3698
30.0725
29.5699
28.3293
28.6613
29.0795
29.1729
29.3413
29.0306
30.7942
28.8276
29.2305
28.2872
29.7237
28.7969
31.2561
31.3241
30.7649
30.537
30.4826
28.5301
28.17
27.6838
30.0229
27.4154
28.8625
29.6585
30.8722
29.0694
27.6088
28.8294
31.1368
29.3238
28.6384
29.8404
28.276
30.6205
26.0341
28.5685
28.9047
31.2151
27.9091
30.5293
27.4968
30.8932
31.2882
29.3867
29.6323
27.8698
29.8734
29.7703
29.1761
30.637
28.7081
30.2155
30.0959
28.8954
28.3009
28.2379
31.3328
29.5
28.5742
31.3008
30.5485
30.2082
28.5949
28.27
29.5463
29.5163
31.4229
31.8693
28.3254
28.3884
28.3687
27.7288
30.6096
30.1427
30.3122
29.7216
30.309
30.4418
27.2517
28.8822
29.7087
28.4856
29.7132
29.9844
30.0221
26.6545
29.7308
30.4558
31.27
30.558
29.3684
29.2072
29.583
30.9589
30.6759
31.7499
28.5958
28.6125
29.0622
29.3367
28.6453
29.0086
30.8406
27.3314
28.5377
28.9948
29.1199
29.2597
29.1194
30.2448
30.2534
inf
inf
29.2124
29.6824
31.1163
29.4106
30.4125
29.4501
29.6442
28.0856
inf
30.4155
29.7706
28.0889
28.8693
29.2905
29.8337
28.9703
29.9074
29.3169
28.7541
29.9696
29.1875
29.8661
30.8015
30.1119
29.3465
28.8286
inf
28.2973
inf
29.4189
30.7814
29.5627
29.5881
27.5273
29.4165
29.7416
29.6553
29.2199
27.9174
29.9886
28.8385
29.1709
30.8092
28.4146
30.723
29.6411
28.2402
30.7481
27.6439
28.301
28.7146
29.4211
29.2081
30.078
28.176
30.7388
29.697
29.6354
30.9725
30.0832
28.9974
26.9557
29.7174
29.9879
31.7761
28.7489
27.1086
29.3548
27.5317
28.191
25.8989
26.3447
26.2499
26.3445
25.9979
26.8369
25.0881
25.1158
25.3478
25.4926
25.186
25.7651
26.7722
24.7341
26.7801
25.9856
24.8092
24.5247
25.8234
24.731
inf
24.5609
26.5126
24.0335
26.7439
26.2467
28.186
30.4072
24.7729
26.8281
26.1068
27.6179
25.5559
23.9153
26.7898
26.6708
27.5899
24.8466
23.5754
28.0452
26.0719
25.2604
28.6936
26.7673
24.206
25.3943
28.6989
25.8254
25.0749
25.8003
26.5064
25.5212
24.4684
27.9576
27.3184
27.0127
25.5742
26.8552
24.7251
27.8916
27.5513
25.6057
27.1411
25.3755
26.5367
27.0997
25.9346
27.2774
23.9178
24.9536
26.0188
26.342
26.5551
24.1503
24.1072
25.8866
23.7617
26.7917
25.5172
24.0497
26.9883
27.0573
25.7356
25.6447
25.9228
24.5791
25.8981
25.9443
25.9401
27.5672
25.8486
25.9875
24.9326
25.5434
25.7167
26.075
26.1916
24.912
25.132
26.7633
24.1779
25.756
26.0305
26.4493
26.8126
25.2869
26.3011
27.0721
25.8958
24.9883
26.7117
29.2537
25.4602
26.9277
26.688
26.9117
25.9383
25.2554
27.4002
25.8434
24.4324
26.7227
25.7336
26.4518
27.9044
27.7002
26.0787
26.1753
25.5599
25.6013
24.1941
27.7666
27.0528
26.4943
23.8073
24.8614
27.7703
26.1948
24.6343
25.7392
25.2055
24.8192
26.0028
26.5782
25.1863
25.7127
26.4732
25.8358
24.0098
25.0992
25.065
27.6666
25.8916
28.3451
26.6016
28.2142
26.3489
25.7789
27.9716
25.6115
24.167
27.3941
24.4929
25.7103
24.5805
27.6093
26.5969
25.5016
27.1025
25.0219
25.6428
28.0607
25.693
25.9173
28.1269
25.9126
25.0957
26.8935
26.2609
26.5962
27.8266
27.0005
25.9821
25.2212
27.4116
27.0096
24.7999
26.5092
27.4307
25.3674
27.4345
27.1564
26.1679
25.2666
26.8471
24.3771
26.4502
26.032
24.9054
24.1377
25.9755
23.7962
inf
25.3494
25.7579
24.3737
27.3445
24.4306
27.0543
25.1413
25.4928
26.1418
23.728
26.7807
26.9439
26.3071
23.371
26.0137
26.4206
26.2611
25.7771
27.7712
25.5084
25.4915
24.8651
23.8451
26.0878
27.6464
26.9636
25.5925
26.6435
25.9233
inf
28.5103
25.4723
26.1743
28.0999
27.2666
26.2785
25.3177
24.9584
26.8122
24.7898
25.1167
27.8298
22.2467
24.2752
27.0955
23.4664
26.1643
26.5579
26.8141
26.1863
25.7331
25.99
25.5037
26.5194
25.2318
27.9056
24.5555
23.786
24.1622
25.4843
25.0314
27.0277
24.8421
27.6255
27.3726
24.3151
26.3011
26.2505
26.1257
26.5667
24.0392
27.1228
25.2179
27.2654
26.8584
25.3817
24.7448
24.5567
27.826
25.6636
inf
24.0305
25.0978
26.4164
23.8925
26.2381
26.0051
27.4946
27.3403
28.1441
26.9285
26.5017
27.1152
24.2645
25.3681
25.5705
26.5569
24.8123
25.3701
24.7966
26.4341
25.4122
26.6065
25.0785
24.0535
26.5964
26.6828
26.1721
24.7178
27.2808
26.3651
25.8483
25.407
24.9858
24.396
27.1659
25.022
25.3678
26.1773
27.0201
26.2408
28.1635
26.0577
27.8311
29.0058
25.1508
28.8326
26.0879
25.6552
27.3406
28.4189
25.4134
26.7848
25.9081
27.494
27.8963
28.3256
23.8569
inf
25.0871
26.3413
26.4987
24.4469
27.1621
26.5635
25.7103
26.0283
25.6479
25.934
26.4757
25.6984
26.6206
27.2342
25.2089
27.2818
23.0512
26.0691
25.4976
27.0976
27.6954
23.9399
24.903
25.2649
23.8471
24.0273
25.4705
25.2411
23.9749
27.5227
24.9709
24.4208
27.6865
26.2041
24.3621
25.977
26.9545
26.8175
26.6043
25.5321
25.3389
26.3185
25.9953
26.9614
23.2219
25.865
27.0723
inf
24.0846
25.7059
27.2965
26.0151
25.5535
24.9708
24.5136
27.0459
25.3125
26.8304
25.4695
26.0682
23.1708
23.2334
24.2311
25.6026
26.4539
26.0708
26.5081
27.7043
26.0972
23.7418
26.9546
26.5428
26.5032
25.3151
25.5667
27.4023
24.2579
25.3203
26.3235
25.8332
24.8904
25.1766
23.7954
27.1527
27.3321
25.4794
25.9934
27.2064
24.9891
25.3937
27.4455
24.628
26.9996
28.502
25.4486
25.8041
27.7893
27.5296
27.4606
25.5486
25.9751
26.5773
27.814
27.1444
27.6227
25.213
24.9968
24.9056
26.4718
24.8568
27.7895
26.2365
27.6013
25.8648
23.8945
25.9467
25.5865
25.8328
24.7272
26.0244
24.8333
25.0444
25.9406
27.1541
25.6275
25.3779
26.3343
26.1266
25.9539
26.6195
25.3955
25.8318
24.8464
25.8824
24.7831
26.9888
27.8689
24.5833
26.5463
22.9881
25.4403
25.3838
27.2548
24.1668
28.4213
26.2815
25.4186
26.8505
27.0302
25.0584
26.3208
24.6769
26.5034
26.3636
24.7848
27.2936
25.9486
24.7446
24.0816
24.9596
22.8474
20.5638
23.3546
23.0967
23.9715
23.4339
23.1718
22.3631
22.3783
23.3809
21.4899
20.8838
inf
24.1135
25.6595
25.8417
25.2543
23.8806
23.7446
23.5699
24.1572
23.9696
inf
inf
24.8008
26.4372
21.7801
23.1683
23.7453
24.2977
25.6099
26.1525
26.339
23.8664
23.8987
25.7921
24.335
23.3469
23.5725
23.4519
22.7883
23.8742
inf
24.8453
22.1753
22.4961
24.2335
24.055
24.3271
24.2083
23.9393
21.9694
22.4667
22.9899
24.961
22.6166
23.5541
25.4405
23.2953
24.7787
24.9521
23.8925
22.9536
23.3415
25.7557
25.1142
25.2655
23.7646
23.7143
22.7689
23.5052
24.0863
24.0468
24.3919
21.0919
23.3099
22.4298
23.77
22.3972
22.2415
24.2138
25.3872
23.3102
23.4645
21.8635
24.8906
23.5951
23.8746
23.7943
24.4683
23.3709
24.101
22.8145
23.2361
23.2409
24.5499
24.7651
22.5845
23.6367
25.0886
22.2365
21.7638
23.9665
24.2501
22.9331
22.8639
23.9342
24.7699
21.9222
24.5093
25.9932
22.8239
23.8758
23.3178
23.5579
21.4934
22.7416
23.2594
23.7718
23.9195
25.179
21.6067
22.9932
23.1615
23.2178
24.7932
22.8615
26.5266
24.331
23.7389
24.0012
22.5804
23.9313
23.4586
23.8497
23.8298
22.4536
23.5445
24.0317
24.1654
25.5373
21.5629
24.6005
24.9408
24.8415
23.4149
24.6568
23.4119
22.8099
21.7718
25.0116
25.6037
23.7055
27.1605
24.3139
24.6696
22.734
25.151
23.7922
24.8835
24.533
23.7623
24.2647
24.6182
25.4214
25.7513
23.8163
23.1445
24.3114
21.3639
25.7916
23.3245
22.7812
22.9227
21.5657
22.2619
22.336
23.4677
24.581
24.0573
23.5706
24.4896
26.2179
22.7452
24.494
23.3762
20.8547
23.9471
23.0638
22.8657
24.7242
22.3925
24.6091
23.79
25.6006
23.1108
21.995
23.5796
22.5643
22.9786
20.3263
23.0404
21.5248
22.6883
24.1028
22.7317
24.411
27.0091
25.7794
22.6161
23.5061
24.0532
23.7894
24.5453
24.2975
24.4816
21.386
22.6739
25.0848
22.8704
24.1897
24.5526
23.6624
23.848
20.9685
24.586
26.3465
24.8723
22.5871
20.478
24.4952
20.5953
22.6382
23.9248
23.7067
22.3465
23.7436
21.9279
22.8466
25.0528
25.2182
inf
23.0321
21.4845
23.4354
22.8967
22.3663
23.3611
22.5196
24.0687
23.5902
21.2785
23.4575
25.3739
25.9305
25.7988
22.2522
24.4301
24.9462
25.9729
22.2699
22.2268
23.7254
23.943
24.009
23.924
24.5596
21.8308
23.1917
24.5879
23.2398
23.4045
22.5282
23.8713
26.2009
24.616
24.4427
24.0663
23.5576
24.8596
24.7482
25.6612
23.1831
23.7659
22.4896
23.9154
23.0634
23.4543
23.0196
22.6458
24.5586
24.0092
23.5221
22.8443
21.0484
23.2711
21.2472
22.5897
23.3934
22.4849
25.6651
22.7251
22.2499
24.9997
22.5021
25.562
24.035
23.2683
25.3692
24.9214
25.4095
22.5826
23.2154
24.2897
21.8653
25.1674
24.6807
22.8016
24.4113
24.8721
24.0904
24.7188
23.595
24.6038
22.8928
27.9664
22.1243
23.696
23.9873
23.0239
23.7577
21.5799
23.9343
26.2751
23.1626
22.3075
24.3839
24.7165
22.2253
22.1639
24.9742
24.6034
22.9148
22.7697
23.5646
22.4438
22.9672
25.5816
22.8933
25.3112
23.1248
21.8558
24.8821
23.9897
23.6341
24.0498
24.8397
21.9323
21.7552
23.7727
21.6823
24.1565
24.4467
20.6435
25.2453
23.7825
23.5412
22.8256
24.0392
22.6606
26.1519
22.4597
25.0965
23.8794
23.225
24.4219
25.2304
25.9305
25.1551
22.1286
22.5179
23.1465
21.1339
22.4397
23.96
22.0331
23.443
21.1719
21.2337
23.0994
25.1134
23.7371
24.2011
23.6928
25.501
23.4454
23.8032
24.4934
24.182
24.2239
24.3799
23.7837
23.5434
23.3973
23.9392
22.7899
24.685
24.1972
23.9259
26.8316
23.5753
25.3357
24.433
22.3187
22.4396
24.8933
23.2042
inf
24.5366
24.0385
22.6029
23.8904
25.2921
22.4639
23.1616
21.5914
22.7741
24.1956
23.1388
22.201
25.3092
25.1715
22.5406
25.4169
24.0128
25.4563
23.0741
23.405
23.557
24.0311
24.953
25.5154
22.8831
inf
23.0917
23.1206
25.2105
20.7912
21.2857
22.1605
24.0549
22.0965
22.2694
23.778
23.6786
24.9754
22.909
22.1017
23.8575
24.511
25.076
25.5714
21.393
22.9644
22.8888
22.1706
23.8342
21.0514
22.5535
22.9725
22.639
21.2799
22.5113
20.6193
21.7638
23.3831
22.3879
21.9374
23.4703
25.2586
23.1104
23.5741
21.8466
24.2892
23.4356
24.268
25.8854
23.6366
22.0509
23.1654
22.8828
22.5899
24.2824
22.0371
23.8993
23.9123
25.4278
25.4679
22.833
18.7561
21.62
22.6954
20.8361
20.2058
19.2053
21.6889
18.6397
21.7885
22.4812
21.515
20.8744
19.3453
20.2786
18.4118
19.9822
21.5452
21.0912
23.1661
22.3603
21.964
21.1234
21.547
21.1867
22.0175
23.5559
21.4388
21.1343
20.2238
20.752
20.1469
18.88
19.4671
19.9411
20.2855
18.2328
21.9853
20.4846
20.12
21.9968
19.1604
22.8702
21.5659
22.8145
22.2414
19.7545
22.8074
20.3212
22.4901
20.0688
20.2956
21.5638
21.5728
22.8438
20.0527
20.9071
23.4896
21.9469
20.4803
22.2066
21.3324
20.532
21.6659
21.9445
22.7882
21.1228
21.7351
25.5955
21.1202
22.2772
21.8473
21.7354
21.325
21.0728
19.4699
20.2338
21.1935
21.7238
21.8765
21.798
22.5574
19.1512
21.6049
21.599
23.6395
21.9717
21.4917
22.7064
20.5231
20.0801
19.5072
22.8599
20.3594
19.7925
21.637
21.2052
21.9967
20.3758
18.7929
22.2593
20.7235
20.7924
20.0866
19.2807
21.2107
21.8075
20.9374
22.7311
23.2275
21.3245
23.2535
23.6761
19.2628
20.0776
19.4057
19.5021
23.8739
20.7995
21.2669
22.5242
21.3956
21.3586
20.7499
20.0989
20.9937
20.6044
19.8771
22.5176
18.2694
22.4521
21.7004
21.2426
21.0877
20.1382
21.7398
22.7969
19.0361
22.5121
20.5861
19.2106
23.1613
19.5094
20.6281
21.7754
22.5837
20.9514
20.4614
21.1721
18.9824
20.7875
21.3789
20.6383
20.0799
20.9924
19.3351
22.3215
21.171
20.881
20.1705
21.6883
20.924
20.5666
18.3064
19.1616
22.7157
21.5546
18.681
20.668
22.1551
19.6224
19.7034
18.96
19.9148
20.3892
19.4632
20.5608
19.4803
21.006
23.0062
19.4185
20.9382
21.9639
20.8846
19.3706
19.9525
21.1457
22.2041
21.7857
19.8275
20.6809
23.3426
21.5649
20.8374
19.8044
22.5399
22.0196
20.2915
21.4692
19.3366
23.2429
21.4016
20.0492
18.7922
18.7278
21.7644
22.6009
20.9823
22.1023
23.1391
21.3367
22.2478
20.9482
19.2668
19.7892
22.0839
21.8265
21.9777
20.8138
20.0197
20.3844
22.0645
22.6479
21.7234
19.2097
21.4782
22.6067
18.9331
21.8612
19.4693
21.5435
23.0172
19.2428
19.676
20.8895
18.3397
19.2845
22.3491
19.6758
21.8649
21.9688
22.045
19.8383
21.4013
19.2411
22.0148
23.2495
21.432
19.4055
20.6566
21.1615
19.665
19.2667
23.1354
21.1998
20.3164
20.8446
22.1259
19.4275
20.0521
20.5445
19.3624
23.0374
20.7348
18.0756
21.3573
21.475
20.2004
22.8645
22.1739
19.456
21.5821
20.8061
19.7733
18.4347
18.685
21.082
22.4147
21.1499
22.1695
22.1915
22.2947
22.4757
19.4889
20.7392
18.9894
22.3336
19.6975
20.6906
20.8787
20.6085
22.9915
20.189
20.1645
21.1759
21.536
22.3004
19.7935
23.2569
inf
inf
22.4347
19.9696
22.5998
18.79
23.2495
19.4969
22.1078
20.6569
21.4389
20.057
21.9091
20.5613
18.9998
19.5546
18.3206
19.537
19.9846
20.2399
17.5899
20.2901
19.9909
20.1998
22.594
20.4214
19.9825
20.3904
20.0921
19.8939
18.8296
21.4087
23.8815
18.4535
18.5121
19.1657
21.7408
18.6765
21.5649
20.7948
20.1572
20.3862
20.217
17.7905
19.8316
21.8201
21.9207
23.7818
20.0825
19.099
21.3003
23.2184
20.2053
19.763
18.1552
20.8159
21.4925
20.7277
18.1419
19.6981
22.813
21.6274
21.5853
21.6015
19.3843
17.4132
21.8219
20.2492
21.9806
23.0868
22.321
17.9632
20.3632
23.2251
21.0066
20.7683
21.3257
21.1593
21.9931
19.3122
22.1515
19.4586
20.7567
21.9935
21.9354
19.5056
22.0823
19.5877
19.4759
21.3256
20.8922
19.8507
18.8167
19.0854
20.9139
21.4016
21.9418
21.1886
21.8986
19.1032
18.778
21.9045
21.1356
23.1511
22.6124
18.7545
21.1546
20.222
21.7687
21.4707
20.3661
19.0088
20.138
20.4561
21.0369
18.9841
21.6151
19.7463
19.6636
18.1983
21.9015
20.8238
20.8927
22.8597
20.9555
19.6895
23.4497
21.7222
20.2796
20.9037
22.7319
23.718
19.6355
21.2273
22.1532
19.0413
19.6773
21.1573
22.7083
21.0409
19.5937
24.0729
21.942
21.8276
19.9744
22.1581
20.9369
20.3564
17.7151
24.1836
20.2428
21.2887
19.5974
19.4045
21.8195
22.0847
20.264
20.8371
20.2885
20.8936
20.3718
20.9463
22.1411
21.6952
21.1122
19.6307
17.5247
19.0891
23.1774
23.544
21.3103
22.4642
21.6482
20.0003
18.7006
19.8931
19.6235
20.5903
20.689
19.7814
17.9111
17.8428
23.5069
20.1067
20.5198
20.0809
20.6402
20.5273
22.6361
20.2923
20.1491
19.1029
19.6711
21.3083
21.4352
20.7523
20.1422
23.1692
18.6572
19.5021
21.468
19.3731
18.6528
18.9489
15.6407
16.667
13.7029
16.6275
19.3367
17.4588
18.6606
18.2987
18.0248
15.7079
18.2027
16.8278
17.6148
14.8749
16.3251
17.6593
16.692
16.7722
18.4198
18.323
18.0659
18.5478
16.1008
16.1384
19.1848
17.1279
16.638
17.3657
17.2367
19.0066
17.1316
17.4695
18.5266
18.3247
16.2515
18.2725
18.6933
19.9343
19.5251
15.912
18.5429
16.4684
16.4262
15.7321
15.8391
15.6383
15.7589
18.8778
19.6864
17.8414
16.1728
17.5376
16.5167
17.2829
17.7852
18.0943
15.6415
19.27
17.465
19.124
17.5748
15.8677
17.1713
14.7532
16.4818
18.2717
16.8347
17.3844
18.8501
17.4787
14.4708
17.1441
19.8755
17.917
18.37
16.9694
19.8656
17.795
18.5295
16.3492
16.9822
16.8942
17.1431
16.7281
16.5215
18.0831
18.6399
14.6029
19.6147
18.7082
16.767
16.9253
18.9625
18.843
16.2223
16.9404
18.3843
15.4284
18.1172
16.7289
16.349
19.1348
18.3587
17.3733
18.2153
17.8689
17.4348
16.5714
15.9642
15.8848
17.4543
17.0655
16.5324
18.8952
16.7786
17.053
17.683
15.2145
17.5645
20.5191
20.0967
16.9107
17.7152
16.8173
16.7324
15.4278
15.9717
17.799
15.5309
17.579
16.0758
16.11
15.1778
18.577
16.4362
18.2938
19.8222
17.3448
17.579
17.2977
17.6739
18.5055
16.3458
18.1638
16.2992
17.417
inf
18.6066
17.7821
17.7458
18.6982
16.506
14.6216
15.6718
18.4409
16.9122
16.7651
17.2864
16.8642
17.2862
14.9533
17.0203
18.5341
17.1649
17.8087
18.1832
18.2178
16.6762
18.4221
16.2243
17.3554
17.023
16.0626
17.1245
16.4432
18.0831
16.6949
17.8139
18.4873
19.0424
17.9126
18.4695
18.4232
17.3517
17.9427
16.7012
17.4694
16.7917
17.6168
16.8342
15.9601
15.6656
14.5654
16.9088
14.5198
15.2194
18.4878
14.4698
17.2595
18.5031
17.0887
15.6976
16.5688
15.7712
17.5987
17.9889
16.8605
16.7647
17.8216
16.3578
16.3421
18.9564
18.0428
18.0684
17.5248
18.3691
16.8958
18.1667
17.7426
18.5818
18.8434
15.7175
18.0284
18.2492
16.0061
17.7624
16.5504
16.9505
18.965
17.2455
16.6624
19.3452
18.4624
15.7857
17.4578
16.2347
15.7844
18.5984
16.9199
15.553
16.6222
17.5497
17.7627
17.8671
17.1508
17.7693
14.0948
18.2027
16.1107
14.6645
15.9089
16.249
17.6475
17.9057
18.4196
14.9339
17.5025
18.2198
17.1895
17.5773
15.9883
15.3609
17.0825
19.3957
17.787
16.8699
17.5343
15.6092
18.5794
18.3738
18.9183
17.2685
16.1352
16.5861
17.0843
17.0378
17.0908
18.3408
18.3749
17.3005
17.2473
19.799
16.4376
17.4208
14.9284
17.0261
17.7566
17.5959
17.5336
14.4416
17.6896
15.6096
16.3226
16.7574
19.2292
16.6033
16.0344
15.2643
15.9945
16.9008
15.5127
16.9014
15.2153
18.2188
17.2291
19.3531
17.3943
17.0408
16.1609
16.4997
18.1594
18.777
18.1741
17.4833
18.9104
18.2457
18.2597
17.1543
19.6807
17.0654
19.0297
17.0596
18.6873
15.8787
15.4174
17.8811
17.4537
17.2449
18.8994
19.895
15.7893
17.7591
19.0319
18.3656
19.7576
17.5636
16.7549
17.6253
19.0022
14.2789
19.3364
15.6748
16.7689
17.8684
18.3222
18.0711
inf
19.0989
18.3888
17.7867
16.3386
17.4652
19.0788
18.2319
17.8673
17.7337
17.1476
15.9531
16.8463
17.4912
16.917
18.2757
16.5685
17.7794
17.7278
17.8641
14.6446
16.8625
16.6858
18.7784
18.9249
17.9428
17.4093
16.4713
18.0695
17.6041
19.2772
16.1505
17.8315
16.8044
18.3756
18.6829
17.4681
17.5251
16.3365
16.4872
14.025
16.4496
18.1581
18.6145
17.9387
15.6206
17.455
17.5414
17.3972
18.3457
16.2798
15.2006
19.5752
15.659
17.9307
16.9445
15.9481
16.3843
18.8632
14.8456
19.015
16.1184
18.9296
17.1258
16.5285
16.0229
16.9153
17.9825
17.8934
17.4022
16.6075
16.7543
17.5058
17.9897
16.915
17.5058
19.1195
18.2848
18.0888
15.9378
18.4084
20.4305
18.508
17.6488
18.7857
20.1984
inf
16.4409
16.7441
15.6265
14.7749
16.7991
18.5159
16.8273
16.7551
17.4875
15.0227
16.0295
16.5242
17.229
16.4804
18.0322
17.8547
17.3032
16.3215
16.5225
16.688
16.6743
14.4212
16.9968
17.535
14.6022
15.1361
18.61
19.1202
18.7715
17.9504
15.6314
17.0015
16.9227
15.8049
16.4318
15.5986
17.6784
17.0822
18.6446
15.4638
16.8652
19.1008
14.7233
17.9546
16.4585
18.4945
18.8072
17.4878
16.942
19.685
18.6934
16.9687
19.7129
17.4947
17.0048
15.7832
19.2249
19.3539
18.97
17.8329
16.9659
18.2605
15.3197
14.6429
13.4947
10.3841
12.6623
12.9074
12.2193
12.6434
11.2656
12.321
11.808
11.3508
inf
12.3243
13.7
14.3408
11.4612
11.5583
12.9476
16.392
13.2862
14.0024
18.0151
12.3117
15.5701
14.8743
14.5419
12.2559
12.1575
11.9562
13.5488
12.0159
11.4907
14.5454
15.8659
16.4701
13.3886
13.8932
13.48
13.8056
13.8121
13.403
12.8368
13.15
13.6835
13.1003
11.1379
12.0581
13.5963
14.5092
14.3483
13.7141
11.8195
11.0599
10.9909
10.5443
12.4225
12.3067
13.8927
12.48
14.4069
12.1813
12.1844
11.6784
14.428
10.4981
11.5083
12.9057
12.8637
14.5849
12.2504
12.3607
12.2913
12.4849
12.0349
14.4969
13.5185
14.2532
12.4901
12.0337
11.4118
14.2953
12.0331
13.2298
12.2958
14.1973
14.8562
15.5708
13.9381
12.7736
11.4201
12.7195
8.42938
12.6537
15.5082
12.7068
13.4238
13.195
10.9441
12.6521
13.576
12.7377
12.1884
13.7164
13.1378
13.2694
12.8727
11.9609
12.362
11.1714
12.967
12.033
14.4978
15.5385
13.0273
12.4069
12.1678
12.9381
11.4878
12.2622
10.6349
11.9385
10.8975
13.2921
13.6991
14.7458
10.7399
12.8969
12.1334
14.6186
13.1833
11.5143
13.4417
11.5503
12.8573
14.126
17.8716
15.7426
13.0265
12.8608
11.6829
12.0781
13.0606
12.1729
12.1886
12.9476
12.1687
15.1792
16.0361
11.9018
12.3028
14.6701
11.1837
13.0072
13.6797
12.9184
12.154
14.6104
12.2622
11.6845
10.918
14.7602
8.98825
8.79498
11.993
12.7457
13.0318
14.0327
12.7665
11.9656
13.0936
12.4851
12.7687
13.0841
13.9411
11.231
13.3642
13.5313
13.0828
11.8568
13.2418
12.5972
13.7596
12.2962
15.4647
13.4662
12.1751
14.5223
13.6211
11.5275
14.4508
12.4978
11.7423
11.9456
11.4847
13.487
12.7548
13.4377
14.3717
11.4807
12.5973
13.6454
12.8762
9.57011
12.897
11.7703
11.4621
12.4069
13.5738
12.428
11.8347
14.4949
14.3702
12.0544
11.4303
14.9072
11.9048
14.4668
14.0954
12.0996
12.585
12.1819
13.4131
13.9352
14.9484
11.5844
13.279
14.8302
14.4118
11.9689
13.2106
12.5138
14.026
12.0651
14.1112
12.6406
11.6541
12.9161
12.5983
12.6689
13.6717
12.7394
13.4303
10.809
11.5526
12.1886
14.0116
12.2737
12.009
11.6825
12.2432
13.6379
12.4116
11.5914
12.2336
11.6788
11.7376
12.7161
13.2385
14.432
12.1775
14.9047
13.4604
11.6055
13.1065
11.9854
11.878
10.8118
12.8108
14.3886
12.7458
14.4308
13.079
11.4902
11.7627
14.3938
14.217
10.5409
13.5061
10.5913
11.0935
12.591
14.2209
14.0266
11.7911
13.3593
13.8039
12.2883
12.0618
12.5814
10.7752
12.8298
12.7319
13.3119
11.4525
11.3076
14.6189
11.9843
12.5258
14.7808
13.4353
11.1583
15.2382
12.4344
14.1447
9.88884
11.9077
12.7756
13.1839
16.0144
12.033
14.2139
12.3486
13.2985
12.5371
11.6885
13.5175
13.0149
13.3754
13.9147
12.034
12.6677
13.201
13.4936
11.9998
11.0875
12.0441
12.3874
11.9498
13.6566
inf
10.6058
12.4111
12.0969
14.9836
12.3706
14.9679
13.1913
14.9603
10.5053
14.3047
12.1545
12.5656
13.5564
10.9271
14.0396
15.2195
14.0975
14.2672
10.944
13.332
12.8284
12.161
12.4289
12.1166
11.3557
13.0652
12.5241
12.5245
11.7667
12.4961
12.8163
14.7561
14.9228
14.029
12.766
12.8288
13.7192
13.3086
14.3541
15.4657
13.9754
14.3252
14.0013
10.179
12.6943
12.9277
12.8446
11.7604
12.1778
12.3097
13.1081
13.9141
12.1936
11.2919
13.0538
15.2618
14.6108
11.3026
12.2796
11.5941
12.8806
14.3162
11.504
11.3521
13.796
11.5665
10.9232
11.408
11.9016
13.748
12.2201
12.2979
11.8535
10.2786
13.167
12.1216
12.6119
11.6248
14.1036
12.0995
13.5549
13.3554
12.2597
13.3259
13.1088
10.1297
12.5931
14.6908
16.2227
11.817
11.356
11.4778
12.3669
11.9791
11.0165
12.5339
15.0256
12.5496
11.9501
14.244
12.4106
10.6208
11.6701
12.7986
11.3337
15.014
14.6415
12.1761
12.3341
12.5984
12.7969
12.3675
11.7584
14.994
12.8681
12.6696
15.2212
12.2846
10.9125
10.3063
10.5794
12.4323
12.7145
12.4807
13.729
11.2485
11.7798
12.1024
12.9292
13.6333
12.6006
13.8984
14.2222
12.3674
10.7096
14.0912
11.6602
14.2504
13.5118
9.65381
13.0504
13.8872
12.3427
12.3295
12.882
12.9805
12.55
13.356
13.7756
12.4906
11.6705
12.6447
13.7476
10.2561
11.5087
13.347
12.3232
12.8174
13.6079
13.4351
13.0929
10.4932
12.1317
14.2018
13.1471
10.9942
12.736
13.4723
11.4828
13.4685
14.374
12.271
10.9552
12.2954
10.5351
10.3921
11.6586
9.87545
11.0496
11.5312
10.3298
10.7724
9.80769
10.3518
10.0783
10.185
10.0621
8.92014
8.59379
9.94807
10.1396
10.5313
10.3606
12.7255
11.2517
10.2232
12.1442
11.5596
9.75806
9.82617
10.8374
8.91875
10.0653
10.0723
11.0255
12.3839
inf
10.9036
10.3715
9.96114
10.9153
10.3239
12.6495
12.0508
10.8161
11.9323
11.7365
8.82096
10.1054
12.8589
12.224
9.65368
10.4841
10.8509
9.07084
11.102
10.3761
11.8539
8.59406
10.4768
10.0376
9.94775
11.8538
10.5957
12.3549
13.6785
9.43836
10.3825
9.31304
9.90903
11.5493
9.62108
10.432
11.7198
11.9768
12.8884
11.3686
8.70244
8.85723
8.96468
10.6602
10.3939
12.9461
10.8854
9.32108
13.2919
10.3609
11.3991
10.8084
11.7694
8.80055
10.9072
11.0436
9.81506
10.8891
12.0844
11.3879
12.3331
10.0202
9.81327
10.7226
12.0184
12.2512
10.8621
12.6203
11.2461
9.55988
11.7292
10.0843
8.76687
11.2079
10.9395
8.53202
10.3996
9.01049
11.1965
11.3174
10.124
11.8186
9.74355
11.4808
11.657
10.3688
8.52945
9.93848
11.1787
10.2132
9.23613
inf
13.2321
12.4468
11.4459
11.6103
9.00506
9.54945
10.2195
11.9448
12.7566
10.4152
12.0325
9.07228
8.42112
8.22163
9.51002
11.3113
9.65592
11.1189
9.1803
12.6542
12.6819
12.7882
10.0527
10.1552
11.2452
12.3075
10.3456
10.5458
11.0881
10.6819
11.063
9.4236
10.8449
11.9386
12.4679
11.2733
12.5008
12.1018
12.334
11.8449
11.0447
11.8991
10.2448
10.9147
11.1239
11.237
12.0873
11.61
10.4648
12.2604
10.5963
10.4084
13.0693
10.4094
11.615
11.153
10.0259
10.191
12.4625
10.0497
9.23131
10.3777
10.0075
11.7536
10.794
10.2842
11.3862
11.1292
10.198
10.8743
8.05467
8.68535
10.9869
10.9389
10.1123
8.63322
10.2729
12.2035
11.4559
10.5276
9.95092
9.93084
10.4341
10.5968
10.2597
8.96495
11.1223
11.1675
11.4542
10.6942
10.0086
11.0184
10.3018
11.5419
10.4309
9.24429
9.87422
7.7563
10.0085
9.94989
10.9324
9.81376
9.86135
10.6869
10.8704
9.79122
13.3331
10.4116
10.965
10.1758
12.1112
10.8619
11.7937
10.7885
10.2755
12.0274
11.1219
12.0551
10.148
12.2237
10.209
10.0811
13.0097
9.63001
10.7203
11.8829
10.7228
10.8598
11.6912
14.0705
9.40778
9.60995
11.6205
10.7042
12.4074
11.3884
12.4815
10.7869
10.8943
10.9529
10.5144
12.0337
11.1666
9.89421
9.77079
11.0757
10.5207
10.995
11.3005
10.9752
11.1169
10.9945
12.2595
10.7605
9.45921
10.0853
9.1563
11.1687
10.0538
10.4268
10.0224
9.33788
10.4216
11.3638
10.6412
10.5868
11.6177
10.5851
9.71594
inf
13.4582
10.7036
9.09534
8.74808
11.1002
11.4451
9.24845
12.0808
9.89472
11.9113
11.0412
10.611
11.1313
10.2989
12.3842
10.612
10.6202
10.0749
12.5767
9.231
9.54759
11.3146
12.8872
11.1893
11.6265
11.1544
10.7901
10.8106
10.2446
13.008
11.5232
10.8583
10.7814
9.49293
10.9946
10.125
11.5156
11.0051
9.08734
9.15244
10.4397
11.9609
9.31465
9.81458
9.80081
8.06372
10.5144
13.296
11.9954
9.96676
7.81244
12.1803
10.2222
7.95962
9.68755
10.6975
11.5926
12.1385
10.7228
11.0667
10.9189
12.0593
12.2733
13.3981
12.184
10.617
11.1151
9.36826
8.41477
9.71851
11.0275
11.0182
12.1309
12.4993
9.42652
10.2139
12.3585
10.4715
9.55603
11.0966
11.1473
10.7747
11.9303
13.6078
11.7108
10.631
12.3714
10.0481
10.7138
12.3886
10.7104
9.81697
10.4509
11.0607
9.42093
10.5565
9.37711
9.50695
11.3231
11.4928
11.6494
10.4146
11.5956
11.6477
13.8743
10.3349
11.1993
11.1641
9.71421
10.3008
10.8341
10.6284
8.79597
10.9446
11.0793
10.8135
11.7755
10.5361
11.9541
11.0207
11.6188
10.09
11.2832
10.4023
9.3665
10.7017
10.7911
9.8319
11.279
11.0988
10.3076
12.4196
8.38453
9.01925
9.6685
10.7999
10.4462
11.5388
11.2072
12.5722
10.5369
12.4566
11.8472
13.1206
11.0958
9.30454
10.9483
10.7857
10.2535
10.0196
10.8962
12.8634
11.2436
11.6771
9.18285
9.11788
12.0299
10.0969
11.353
8.70858
9.29843
11.3465
12.8085
10.7517
10.394
11.1277
10.9443
11.0281
10.1092
10.1951
11.1117
11.8829
10.3082
11.9932
10.41
8.7957
9.04953
8.78284
10.4811
11.7723
11.547
11.38
10.117
9.39484
9.6551
9.15628
9.64343
10.3593
13.1021
12.6427
9.48494
11.3123
12.1195
9.42088
10.0583
9.82597
12.0377
10.8345
11.8392
11.0806
12.4307
9.75136
9.52622
9.15126
8.92021
10.1123
9.55336
9.07615
8.02149
7.23648
9.30153
9.36472
9.46807
9.4606
7.73966
8.71833
8.66866
7.87407
7.51936
9.49977
10.0298
9.51282
6.455
8.54664
8.72844
8.43683
7.47339
9.59799
7.23729
7.86706
8.27073
9.23766
9.844
8.83047
8.14262
9.55116
8.04577
7.52678
7.2768
8.32187
7.14873
9.26743
7.48583
6.9812
9.28322
9.69292
8.80075
7.37125
8.54673
8.78573
9.01919
9.00691
11.243
9.34065
9.46956
9.6181
8.05279
7.13466
8.5881
7.14435
9.737
9.929
10.1893
9.79018
9.68995
8.02468
8.9019
9.17652
9.71182
8.34952
7.87255
6.9296
8.54235
8.93787
8.63392
10.0088
9.0301
7.91473
8.50224
9.77396
9.20551
7.47439
6.3637
9.4964
9.6603
8.71883
8.192
9.1692
8.21759
8.73294
8.54641
9.20332
8.31149
9.10683
9.87735
8.85568
8.06707
7.33384
8.07736
6.92814
8.01369
7.85078
10.7167
8.638
8.47801
8.97511
9.9543
8.88803
8.55433
9.06719
8.57682
7.17383
6.94626
8.32482
6.97391
7.96323
7.86933
7.82685
7.54447
8.50419
8.47485
8.17278
7.52828
7.225
7.99264
8.22148
7.00934
7.57293
7.49774
8.16871
8.31924
8.24721
7.40208
8.83012
10.977
9.85566
9.82821
8.51933
7.70373
9.13898
9.24046
8.7781
10.0402
7.9807
8.00965
8.84917
8.68491
7.14933
9.24535
9.24955
10.446
8.47163
7.9883
7.09965
8.86193
7.33398
9.85563
9.66939
9.24162
9.09647
8.52825
10.684
9.16098
9.55255
8.42725
8.60754
9.41862
7.74582
8.84653
6.79101
7.59491
7.62867
7.71682
8.41443
8.65025
9.77284
8.17913
7.58792
8.14353
8.02953
7.73717
7.2836
8.48505
8.15883
9.5092
8.30024
7.70299
7.55305
7.89069
7.86266
8.03237
8.36102
8.21194
8.23656
8.01698
9.90231
9.08492
7.67481
6.7428
8.8671
8.48197
8.65971
10.5445
8.0066
7.74351
9.19968
10.2998
8.82498
9.18437
9.40543
8.57815
9.98899
7.93605
8.39537
8.21911
7.99552
8.86847
7.45839
8.27145
10.2333
9.50556
7.69021
8.59809
9.16992
6.9107
7.56595
8.03135
9.74143
9.64315
9.46857
7.69412
7.79113
9.03392
8.0894
7.16765
7.08958
8.04407
6.89587
8.57701
8.46947
8.89091
9.8017
9.73951
9.44819
6.61143
6.55287
7.39602
8.1568
8.76297
8.92492
8.74074
9.36632
9.3879
8.81685
6.79888
7.50707
7.88318
9.62109
7.91081
9.13948
11.0801
8.7625
7.44182
8.89908
9.73651
10.7723
9.65233
8.59665
11.1124
9.88504
9.04031
9.26456
8.59664
8.53334
6.57656
7.48325
10.1681
9.64139
8.96651
7.54975
8.71408
9.68306
9.54293
7.57606
8.25211
8.00688
8.28323
9.33436
8.99353
7.0297
8.24647
9.0675
6.83218
7.08409
7.9636
8.84384
9.69753
9.39397
10.2098
7.85354
7.36869
7.22758
9.63564
10.1188
8.2602
7.53604
9.59802
8.19817
8.70334
8.36313
7.83618
8.70292
9.33141
8.56374
9.82667
10.0306
8.18065
7.86099
6.79363
7.36955
8.02548
9.1323
7.01549
8.68253
7.70726
8.38496
10.1574
8.19015
7.26705
7.355
7.23738
7.53937
8.71986
8.74657
8.26038
7.8425
9.01574
10.0487
9.91478
8.09089
7.68953
7.62776
7.91272
7.6729
9.01656
8.07574
10.0219
9.59384
7.46358
9.32655
9.03887
7.26368
8.32983
9.13281
9.59359
9.26931
9.54467
9.14201
9.36126
8.6647
8.13561
8.11201
8.94225
9.54721
9.78366
10.1065
10.4744
10.256
11.0831
10.5719
8.18142
7.37612
8.39684
7.50104
6.79945
9.26296
8.92737
7.74095
7.34661
9.58517
9.30419
8.25921
7.52203
7.9128
8.4275
9.00774
9.20231
8.53556
8.51531
7.82257
8.37209
9.82752
9.16369
8.75082
8.68802
7.68994
8.38251
9.27689
8.61255
7.82661
9.54024
7.37451
9.54214
8.25896
8.68876
8.93279
9.26201
9.89012
8.26138
8.3431
9.19447
8.01112
8.54871
6.35263
7.23843
8.16348
8.91758
9.67242
8.83277
8.79996
8.65522
7.26469
7.09689
6.97096
7.42373
7.49862
7.88833
7.62069
8.85338
10.0813
9.05624
7.59783
8.82925
8.17143
7.53518
8.11893
8.26143
7.83377
7.74523
9.23782
7.30516
7.1588
8.10143
8.60985
7.95043
8.33119
8.64337
8.00993
9.49701
8.38949
8.25914
6.19311
7.85074
7.97713
9.36559
8.25603
6.68693
7.25295
7.79503
7.6735
9.60384
9.94553
8.6105
7.95736
8.16435
8.75897
7.18466
9.78889
9.58675
7.63105
8.37582
8.65783
7.56936
7.0798
6.73469
7.70664
9.35998
9.16754
9.25021
10.3235
9.13172
7.79457
7.83572
6.86348
7.76163
7.85874
7.1789
6.33349
7.60191
6.84952
7.50643
8.01794
8.43286
10.6066
9.54838
7.56096
9.015
10.4163
10.4048
8.75987
8.77269
7.7156
8.28891
5.92619
6.02418
7.59214
6.33219
6.10374
6.6512
6.68838
5.90333
6.09304
5.71561
5.56212
5.38963
5.58096
5.43622
6.30533
6.20013
5.59815
6.40313
5.593
6.53567
6.49802
6.22144
5.80794
6.3584
7.05473
6.45797
7.47111
9.21638
6.87279
7.2961
7.07037
6.28631
5.43955
5.82152
5.79676
6.02416
6.59995
5.94636
6.29553
6.41836
5.9693
5.62103
6.67485
6.86572
7.68075
8.13993
7.29725
6.68759
5.80027
7.17098
6.04916
5.91276
6.05135
6.3994
5.9932
5.84307
5.75488
4.64137
4.39719
5.86946
6.74278
6.32623
6.24316
7.09343
6.28715
6.12425
4.57705
4.26763
4.87711
5.67282
6.53369
6.26713
5.79443
6.124
5.66981
5.48666
6.63094
5.4036
4.94665
5.76753
5.67675
5.75515
6.46628
6.65875
7.46676
6.25933
5.79788
5.95267
5.96728
6.21984
6.22528
5.77688
5.90869
5.75843
6.37134
6.41392
6.30068
7.46801
5.5135
6.14796
6.49257
7.01257
6.69457
6.99716
6.46325
6.18171
6.95668
6.09718
5.42699
6.42949
7.85034
7.85145
6.18124
5.87561
5.95847
5.51165
5.66966
5.99267
6.86198
7.2616
4.98616
7.60558
7.42928
6.02009
7.59916
7.77853
6.45329
6.09688
6.26968
6.14393
5.68307
5.58756
7.76776
6.65432
7.22105
6.30926
6.01209
7.1565
6.58966
6.27936
5.78065
5.97173
7.03322
5.69253
6.20185
6.93307
6.65848
inf
6.67748
6.30073
5.65566
6.40141
6.29533
7.55181
5.76586
5.40061
6.1349
6.58765
7.35869
6.54562
6.23529
5.62051
5.90471
5.19679
4.84518
5.52408
6.43324
7.40772
8.46119
8.52392
7.97633
7.64857
7.01374
6.55523
6.76476
6.05263
5.74436
6.29207
6.40224
6.49969
7.74339
6.8681
5.33956
4.94494
5.1371
6.54873
6.14229
6.35001
7.11359
7.01078
6.7935
5.68525
4.84781
4.76078
5.89316
6.44663
6.25952
5.84813
6.05527
7.1668
7.93769
7.5901
6.60696
6.87716
6.92217
6.93712
8.03143
6.96866
6.70527
7.10443
5.31092
4.95779
4.87059
4.80777
5.62504
6.2854
7.58359
7.78092
6.80712
6.07943
6.09406
6.22807
6.98975
7.94786
6.35861
6.42094
6.97965
5.99258
7.00993
7.06476
5.47861
4.80936
5.60488
5.71002
6.32341
5.68041
6.31676
5.72346
4.7963
4.92041
5.12627
5.706
6.12442
5.81849
6.01538
5.54185
5.86813
5.47492
5.88836
5.21997
5.52231
7.28037
8.31374
7.59848
7.01221
6.54418
6.33741
6.47808
6.30085
6.88889
7.37379
7.37154
6.99234
7.35225
6.40622
7.29494
6.30759
6.60238
5.17136
5.01175
5.96311
5.57152
6.05375
6.54702
5.25221
5.34982
5.99046
5.91583
5.4852
6.50808
6.87141
6.93079
7.63319
6.89644
6.38315
5.75066
5.2377
5.18824
5.65408
5.9931
5.17008
6.37775
6.2636
5.57046
5.88909
6.47066
4.99358
4.70665
5.27177
6.29242
6.78482
6.83411
5.66878
6.00418
5.59969
5.89024
5.17588
5.34792
5.22293
6.40659
7.32364
7.28964
5.6099
5.0329
4.77413
4.71213
4.54626
5.60224
5.65988
7.21529
6.26576
5.73377
6.70367
6.68475
7.83494
6.39783
7.01784
6.12776
5.83999
7.76722
5.42191
5.41917
5.21762
5.07539
5.01168
5.79995
5.08001
5.25449
5.58342
5.50189
5.99183
6.12287
5.43648
6.42723
6.63241
7.21791
6.99542
7.30893
6.62932
5.45802
5.37027
6.11037
6.01121
5.88332
6.08853
6.65918
5.49157
4.88566
5.05849
4.87619
5.34017
5.42495
6.23504
5.4407
5.27735
6.17076
6.01045
7.16691
6.42478
7.38066
7.51324
5.36424
5.07391
6.2554
4.65675
5.26377
5.88076
7.20664
6.98644
7.16243
7.04551
6.60736
6.65029
5.94628
6.43464
6.51923
6.30052
6.66686
6.47744
6.71296
8.03143
6.82142
6.59262
5.94157
6.51881
6.94098
6.55807
8.02533
8.75991
7.21249
6.46406
6.35913
6.74079
7.45356
7.96955
8.48723
7.27096
6.78802
7.52533
6.38726
6.65336
6.20857
5.86327
6.43931
6.23018
6.41263
6.62101
8.06593
6.5693
5.30282
5.22069
6.24614
6.46009
5.95138
5.57472
6.08218
5.92083
5.90096
6.4398
7.05056
6.88095
6.24893
6.53851
5.99824
6.22579
7.41826
7.10699
5.98803
5.80773
5.11524
5.19502
5.87733
7.31978
6.88358
8.15009
7.91939
6.18937
5.50429
5.56644
5.87773
6.78745
5.50093
6.59261
6.3908
6.28115
6.79444
5.92689
5.73586
6.02823
7.87086
7.4555
6.87049
7.76799
6.28239
5.75084
5.49247
7.29723
6.50958
6.21373
6.41565
6.48876
7.00918
5.32908
5.25973
5.95875
5.74728
5.96164
5.56248
6.44291
6.27955
5.4222
4.88649
6.19695
6.15438
6.38822
6.56148
5.94578
6.28806
5.99604
6.95684
6.97568
6.67513
5.71719
7.79757
6.44115
5.82438
6.71718
7.89484
6.77907
6.05191
5.57034
5.23138
4.66834
4.22555
4.33779
4.21599
4.22352
4.62974
4.56293
4.57245
5.05063
4.66364
4.97466
4.68345
4.40614
4.57578
4.63425
5.33808
5.15356
5.46835
4.52761
4.35278
3.83888
3.89561
4.32753
3.70669
3.84515
3.95828
3.99903
3.66738
4.16627
3.77012
3.85802
4.31916
4.63881
4.17255
3.98754
3.65147
4.00761
4.26425
3.9393
4.03695
4.09129
4.49974
5.03664
4.88276
4.60924
4.65046
4.13366
3.97804
3.82052
4.11099
4.01442
4.29425
4.65878
4.32991
4.5039
4.43246
4.57058
4.46643
4.39288
4.36017
4.07802
3.96527
4.01203
4.00131
4.10802
3.62589
3.55374
3.63537
3.64523
4.18804
4.39472
4.03922
4.01331
4.12904
4.49712
4.21124
4.23826
4.09074
4.26782
4.43827
4.59504
4.64249
4.13693
4.49835
4.20547
4.29748
4.26392
4.18274
4.32009
4.22877
4.24591
3.97467
3.77696
4.08221
4.11087
3.99859
3.58144
3.26232
3.34938
3.64437
3.67944
3.81825
3.93812
3.87784
3.89352
4.13947
4.48973
4.62121
4.46598
4.36558
3.94114
3.92509
3.94219
3.95175
3.84737
4.16153
4.16726
4.1601
4.29313
4.2304
3.8699
4.20816
4.06657
3.9645
3.55318
4.08198
4.06163
3.91489
4.08483
3.92646
4.40774
4.22813
4.37108
4.14464
4.33687
4.34333
4.96359
4.63765
4.79273
4.81999
4.76902
4.48866
4.39979
4.48308
4.36374
4.49103
4.52213
5.18479
5.12992
4.42194
4.41938
4.44707
4.73554
4.33982
3.88625
4.35125
4.60553
4.33933
3.99343
4.15678
4.57562
4.46796
4.27569
4.27571
3.84452
3.89437
3.85974
4.0385
4.3338
3.97233
4.13368
3.79522
4.09489
4.18962
4.36353
4.66633
4.48881
4.18337
3.97564
3.85621
3.70476
3.60142
3.85731
3.78423
3.74675
3.943
3.6909
3.96345
4.07338
3.74563
3.71989
3.95214
3.49559
4.29451
4.15165
4.11725
4.59946
4.7958
4.39708
4.13416
4.20039
4.07261
3.74545
3.68652
3.72206
4.00801
3.96147
4.17868
4.30411
4.21219
3.90551
4.14492
3.97471
4.08438
4.01105
3.80919
4.01928
4.0767
4.38801
4.18988
4.07103
4.14651
4.19322
4.06634
4.09352
4.17455
4.36523
4.68011
4.74687
4.6469
4.6117
5.14669
4.36553
4.0134
4.2368
4.57034
3.78886
3.77692
3.96146
3.83991
3.90272
4.08445
4.32543
4.10313
4.05377
3.95165
4.37224
4.63598
4.28784
4.1651
4.76982
4.90752
4.6045
4.35921
3.98795
3.95693
4.40531
4.51918
5.08331
4.83915
4.40881
4.45642
4.53308
4.7219
4.48806
4.41508
4.11734
4.25983
4.95067
5.20383
4.7969
4.34207
4.11934
4.56373
4.67319
4.4025
4.68812
4.30346
4.59258
4.40443
4.17234
4.05287
4.16506
4.55751
4.54619
4.47196
4.26635
4.14158
4.14785
3.97073
4.25985
4.08554
4.0031
4.07052
4.00581
3.65577
3.95507
4.75346
4.25105
4.61921
4.82723
4.85397
4.802
5.11387
4.82769
5.00553
4.75049
4.16698
4.33604
4.85885
5.07608
4.54556
4.43896
4.5181
4.713
4.58484
4.46522
4.6118
4.33085
4.04113
4.37451
4.72672
5.16271
4.80648
4.34008
4.37909
4.51951
4.42303
4.61149
4.69139
4.6237
3.97391
4.01097
4.06389
4.2731
4.67718
4.44256
4.06402
4.15446
4.16928
4.51955
4.72639
4.30348
4.07222
3.8539
3.59042
3.75346
3.74679
3.89627
4.11005
4.1041
4.10734
4.03765
4.61022
4.63716
4.54677
4.29824
4.19373
4.21717
4.26353
4.04708
4.06765
3.97164
4.17799
4.29557
4.01847
3.99416
4.24445
4.36781
4.22935
4.5672
4.11788
3.90116
3.90599
4.18217
4.20608
4.07233
4.40433
4.04227
3.93963
4.79675
5.18106
4.66758
4.66496
4.55377
4.37145
4.75233
4.2748
4.57369
4.45934
4.11793
4.29292
4.88327
4.2592
4.62787
4.48363
4.2904
4.23206
4.19536
4.67527
3.9291
4.15194
4.50259
4.54711
3.96987
4.32236
4.5685
4.20207
4.56248
4.55504
4.57369
4.15266
3.96414
4.50393
4.27535
4.22097
4.4428
4.05682
4.46155
4.15755
4.46232
4.6032
4.46121
4.42044
4.39422
3.80954
4.0676
4.01258
4.32139
4.32166
3.98141
3.98833
4.05045
4.23625
4.42846
4.77485
4.47532
4.78691
4.50552
4.10142
4.17064
4.15002
4.52934
4.32976
4.22867
4.10382
4.03045
4.30814
4.18338
4.25547
4.4353
4.32584
4.20302
4.41439
3.66261
3.99114
3.99343
4.15527
4.08201
4.11876
4.10556
4.14724
3.94641
3.799
3.73178
3.87519
3.96029
4.16813
4.59558
4.63268
4.35737
3.92286
4.04887
3.96645
3.99105
3.73966
4.03058
4.09557
4.26632
4.49827
4.06279
4.04919
3.78893
4.12908
3.96891
4.02227
3.94562
4.30964
4.29128
3.98973
4.04548
4.35258
4.19341
4.27315
4.49259
4.54548
