
1
0 , 0
0 , 0
0 , 0
0 , 0
0 , 0
0 , 0
0 , 0
0 , 0
0 , 0
0 , 0
0 , 0
0 , 0
0 , 0
0 , 0
0 , 0
0 , 0
0 , 0
0 , 0
0 , 0
0 , 0
0 , 0
0 , 0
0 , 0
0 , 0
0 , 0
0 , 0
0 , 0
0 , 0
0 , 0
0 , 0
0 , 0
0 , 0
0 , 0
0 , 0
0.00151573 , 0
0.0203753 , 0
0.13988 , 0
0.465999 , 0
1.04546 , 0
1.63673 , 0
2.06148 , 0
2.31289 , 0
2.32005 , 0
2.1893 , 0
2.04923 , 0
1.85909 , 0
1.6545 , 0
1.48695 , 0
1.33121 , 0
1.19297 , 0
1.08125 , 0
0.957439 , 0
0.882827 , 0
0.815208 , 0
0.76197 , 0
0.711019 , 0
0.672836 , 0
0.658258 , 0
0.637006 , 0
0.62389 , 0
0.619833 , 0
0.618886 , 0
0.621046 , 0
0.630724 , 0
0.650997 , 0
0.667393 , 0
0.690424 , 0
0.735738 , 0
0.762541 , 0
0.794218 , 0
0.831211 , 0
0.877417 , 0
0.918175 , 0
0.960933 , 0
0.991522 , 0
1.04175 , 0
1.06899 , 0
1.10308 , 0
1.12271 , 0
1.1488 , 0
1.16019 , 0
1.16624 , 0
1.1543 , 0
1.148 , 0
1.13656 , 0
1.10119 , 0
1.09252 , 0
1.06327 , 0
1.03173 , 0
1.00547 , 0
0.979185 , 0
0.953838 , 0
0.934161 , 0
0.912462 , 0
0.890033 , 0
0.880183 , 0
0.872033 , 0
0.854444 , 0
0.858032 , 0
0.856058 , 0

2
0 , 0
0 , 0
0 , 0
0 , 0
0 , 0
0 , 0
0 , 0
0 , 0
0 , 0
0 , 0
0 , 0
0 , 0
0 , 0
0 , 0
0 , 0
0 , 0
0 , 0
0 , 0
0 , 0
0 , 0
0 , 0
0 , 0
0 , 0
0 , 0
0 , 0
0 , 0
0 , 0
0 , 0
0 , 0
0 , 0
0 , 0
0 , 0
0 , 0
0 , 0
0.00147476 , 4.09656e-05
0.0209186 , 0.000543341
0.143489 , 0.00360838
0.483244 , 0.017245
1.06402 , 0.0185667
1.66142 , 0.0246861
2.10246 , 0.0409878
2.31951 , 0.00661939
2.31869 , 0.00136427
2.19571 , 0.00640617
2.02885 , 0.0203823
1.82796 , 0.0311321
1.63402 , 0.0204762
1.46048 , 0.0264732
1.30499 , 0.0262163
1.1706 , 0.0223684
1.06132 , 0.0199303
0.949049 , 0.00839006
0.873355 , 0.00947231
0.816182 , 0.000974535
0.765834 , 0.00386396
0.714948 , 0.00392883
0.68168 , 0.00884325
0.664555 , 0.00629768
0.642649 , 0.00564388
0.628941 , 0.00505058
0.629243 , 0.00941024
0.621269 , 0.00238226
0.628943 , 0.00789771
0.637231 , 0.0065071
0.655397 , 0.00439988
0.670525 , 0.00313248
0.697664 , 0.00724074
0.734495 , 0.00124293
0.768871 , 0.00633062
0.79977 , 0.00555158
0.838578 , 0.00736719
0.877579 , 0.000161648
0.920702 , 0.00252724
0.964179 , 0.00324588
0.995928 , 0.00440662
1.04175 , 0
1.06983 , 0.000841417
1.10344 , 0.000362695
1.12473 , 0.00201295
1.1427 , 0.0061011
1.16181 , 0.00162785
1.15699 , 0.00924886
1.15323 , 0.00107014
1.14696 , 0.00103779
1.13023 , 0.00633163
1.10135 , 0.000160396
1.08532 , 0.0071985
1.05609 , 0.00717822
1.02787 , 0.00385842
0.99796 , 0.00750998
0.97309 , 0.00609503
0.952468 , 0.00137038
0.931564 , 0.00259749
0.912109 , 0.000353081
0.892908 , 0.00287484
0.879308 , 0.000875567
0.868436 , 0.00359747
0.856997 , 0.00255249
0.852737 , 0.0052957
0.854541 , 0.00151782

3
0 , 0
0 , 0
0 , 0
0 , 0
0 , 0
0 , 0
0 , 0
0 , 0
0 , 0
0 , 0
0 , 0
0 , 0
0 , 0
0 , 0
0 , 0
0 , 0
0 , 0
0 , 0
0 , 0
0 , 0
0 , 0
0 , 0
0 , 0
0 , 0
0 , 0
0 , 0
0 , 0
0 , 0
0 , 0
0 , 0
0 , 0
0 , 0
0 , 0
0 , 0
0.00135187 , 0.000125152
0.0209962 , 0.000323158
0.147477 , 0.00450013
0.493154 , 0.0140483
1.08122 , 0.0202596
1.67635 , 0.0206453
2.11693 , 0.0277369
2.31963 , 0.00382359
2.31618 , 0.00263321
2.19453 , 0.00388153
2.02357 , 0.0128978
1.82029 , 0.0195415
1.62446 , 0.0152057
1.44215 , 0.0238706
1.28916 , 0.0219067
1.15928 , 0.0171765
1.04941 , 0.0165564
0.943456 , 0.00739934
0.868323 , 0.00743143
0.810506 , 0.00570375
0.764016 , 0.00287782
0.716274 , 0.00262751
0.683197 , 0.00532646
0.667035 , 0.00440093
0.649297 , 0.00740354
0.634328 , 0.00612581
0.633665 , 0.00700523
0.629133 , 0.00798353
0.632018 , 0.00549929
0.64303 , 0.00690953
0.660373 , 0.00558676
0.679607 , 0.00926033
0.707425 , 0.0106185
0.738382 , 0.00395268
0.773493 , 0.00589191
0.806346 , 0.00731598
0.843027 , 0.0061554
0.8777 , 0.000152998
0.920647 , 0.00146017
0.963441 , 0.00201382
0.994683 , 0.00283247
1.03818 , 0.00356515
1.06816 , 0.00174021
1.10145 , 0.00200006
1.12439 , 0.00120847
1.14243 , 0.00353238
1.15491 , 0.00696802
1.15266 , 0.00687493
1.1505 , 0.00279297
1.14255 , 0.00445544
1.12753 , 0.00454685
1.09842 , 0.00293018
1.07857 , 0.00792703
1.05209 , 0.00576194
1.02469 , 0.00388157
0.993131 , 0.00648953
0.968974 , 0.0054148
0.946238 , 0.00627969
0.927279 , 0.00453921
0.912476 , 0.000419853
0.893483 , 0.00175668
0.883148 , 0.00387319
0.870981 , 0.00328535
0.860135 , 0.00346744
0.855511 , 0.0041283
0.85679 , 0.00241363

4
0 , 0
0 , 0
0 , 0
0 , 0
0 , 0
0 , 0
0 , 0
0 , 0
0 , 0
0 , 0
0 , 0
0 , 0
0 , 0
0 , 0
0 , 0
0 , 0
0 , 0
0 , 0
0 , 0
0 , 0
0 , 0
0 , 0
0 , 0
0 , 0
0 , 0
0 , 0
0 , 0
0 , 0
0 , 0
0 , 0
0 , 0
0 , 0
0 , 0
3.24794e-05 , 3.24794e-05
0.00129042 , 0.000107738
0.0210351 , 0.00023178
0.145643 , 0.00367319
0.497323 , 0.0107728
1.08609 , 0.0151305
1.6862 , 0.0176078
2.12083 , 0.0199975
2.32294 , 0.0042755
2.31864 , 0.00308872
2.19537 , 0.00286881
2.02232 , 0.0092056
1.81715 , 0.0141712
1.61868 , 0.0122069
1.4416 , 0.0168879
1.28342 , 0.0165199
1.15442 , 0.0130799
1.0468 , 0.0119946
0.942285 , 0.00536159
0.870433 , 0.00566263
0.809657 , 0.00412156
0.762615 , 0.00247031
0.716875 , 0.00195277
0.683586 , 0.00378632
0.66693 , 0.00311371
0.646798 , 0.00580091
0.633313 , 0.00444892
0.631188 , 0.00553805
0.626737 , 0.00613255
0.631505 , 0.00392225
0.643083 , 0.00488607
0.658803 , 0.00425079
0.679953 , 0.00655714
0.706068 , 0.00763005
0.739094 , 0.0028842
0.773212 , 0.00417567
0.807358 , 0.00527115
0.845431 , 0.0049722
0.88185 , 0.00415123
0.924958 , 0.00443314
0.968085 , 0.00485723
1.00113 , 0.00674622
1.04034 , 0.00331463
1.07478 , 0.0067311
1.10398 , 0.00289363
1.12598 , 0.00180545
1.14416 , 0.00303663
1.15354 , 0.00511439
1.15492 , 0.00536084
1.1499 , 0.00206556
1.13966 , 0.00427566
1.12403 , 0.00475402
1.09576 , 0.00337049
1.07432 , 0.00703409
1.05014 , 0.00451709
1.02105 , 0.00455897
0.99139 , 0.00490801
0.96598 , 0.00486035
0.945291 , 0.00454024
0.924742 , 0.00409184
0.909123 , 0.00336639
0.891756 , 0.00212736
0.881413 , 0.00324174
0.870395 , 0.00239598
0.859356 , 0.00257268
0.85373 , 0.00341956
0.854727 , 0.00267682

5
0 , 0
0 , 0
0 , 0
0 , 0
0 , 0
0 , 0
0 , 0
0 , 0
0 , 0
0 , 0
0 , 0
0 , 0
0 , 0
0 , 0
0 , 0
0 , 0
0 , 0
0 , 0
0 , 0
0 , 0
0 , 0
0 , 0
0 , 0
0 , 0
0 , 0
0 , 0
0 , 0
0 , 0
0 , 0
0 , 0
0 , 0
0 , 0
0 , 0
2.59835e-05 , 2.59835e-05
0.00126174 , 8.82427e-05
0.0217103 , 0.000698754
0.147745 , 0.00353775
0.499635 , 0.00865899
1.08805 , 0.0118833
1.68768 , 0.0137194
2.12106 , 0.0154916
2.32867 , 0.00661911
2.32063 , 0.00310924
2.19524 , 0.00222548
2.02144 , 0.00718437
1.81245 , 0.0119399
1.61384 , 0.0106227
1.43702 , 0.0138609
1.28134 , 0.0129641
1.15324 , 0.0102011
1.04564 , 0.00936393
0.94408 , 0.00452449
0.869226 , 0.00454936
0.808248 , 0.00348986
0.761348 , 0.00229536
0.71606 , 0.00171803
0.684278 , 0.00301343
0.667073 , 0.00241613
0.648756 , 0.00490107
0.6351 , 0.00388164
0.63231 , 0.00443387
0.628762 , 0.00516384
0.633231 , 0.00349412
0.645183 , 0.00432846
0.659555 , 0.00337734
0.681219 , 0.00523458
0.705571 , 0.00593114
0.737381 , 0.00281522
0.770419 , 0.00427351
0.805917 , 0.00432975
0.845064 , 0.00386885
0.88363 , 0.00367564
0.923035 , 0.00393566
0.967135 , 0.00388043
1.00022 , 0.00530357
1.03952 , 0.00269323
1.0755 , 0.0052641
1.10622 , 0.00317254
1.12852 , 0.00289456
1.14694 , 0.00364394
1.15474 , 0.00413924
1.15667 , 0.0045051
1.14941 , 0.00167242
1.13977 , 0.00331378
1.12358 , 0.00370981
1.09713 , 0.0029473
1.07454 , 0.00545283
1.04829 , 0.00395802
1.02002 , 0.00367848
0.991171 , 0.00380805
0.966297 , 0.00377808
0.943608 , 0.00389889
0.922812 , 0.00371079
0.906071 , 0.00401429
0.891871 , 0.00165185
0.879708 , 0.00303546
0.868963 , 0.00234412
0.858323 , 0.00224467
0.853062 , 0.00273162
0.853582 , 0.00236865

6
0 , 0
0 , 0
0 , 0
0 , 0
0 , 0
0 , 0
0 , 0
0 , 0
0 , 0
0 , 0
0 , 0
0 , 0
0 , 0
0 , 0
0 , 0
0 , 0
0 , 0
0 , 0
0 , 0
0 , 0
0 , 0
0 , 0
0 , 0
0 , 0
0 , 0
0 , 0
0 , 0
0 , 0
0 , 0
0 , 0
0 , 0
0 , 0
0 , 0
2.1653e-05 , 2.1653e-05
0.00122214 , 8.22153e-05
0.0215266 , 0.000599375
0.147821 , 0.00288956
0.500617 , 0.00713787
1.08588 , 0.00994204
1.68541 , 0.0114306
2.12269 , 0.0127537
2.32914 , 0.00542489
2.32242 , 0.00310766
2.20054 , 0.00559601
2.01949 , 0.00618226
1.81159 , 0.00978658
1.61272 , 0.00874441
1.43474 , 0.0115447
1.28044 , 0.0106234
1.1527 , 0.00834634
1.04332 , 0.00798759
0.94446 , 0.00371373
0.869429 , 0.00372007
0.807987 , 0.00286134
0.759875 , 0.00238316
0.716169 , 0.00140699
0.683761 , 0.00251413
0.666159 , 0.00217429
0.649238 , 0.00403065
0.635334 , 0.00317796
0.633097 , 0.00370482
0.62902 , 0.00422415
0.63378 , 0.00290533
0.64578 , 0.00358418
0.659558 , 0.00275759
0.681644 , 0.00429508
0.708207 , 0.00551375
0.739708 , 0.00327082
0.771121 , 0.00355923
0.805819 , 0.00353657
0.844114 , 0.00329879
0.885656 , 0.0036208
0.92402 , 0.00336093
0.966373 , 0.00325882
0.999584 , 0.00437667
1.03788 , 0.00274335
1.07296 , 0.00499159
1.10605 , 0.00259593
1.1278 , 0.00247001
1.14732 , 0.00299863
1.15571 , 0.00351672
1.15717 , 0.0037118
1.15094 , 0.00204908
1.14016 , 0.00273351
1.12256 , 0.0031937
1.09697 , 0.00241177
1.07416 , 0.00446804
1.04752 , 0.00332169
1.01878 , 0.00324969
0.990484 , 0.00318432
0.965819 , 0.0031216
0.944089 , 0.00321961
0.92392 , 0.00322618
0.90742 , 0.00354459
0.891881 , 0.00134877
0.879619 , 0.00248005
0.870284 , 0.00232603
0.859062 , 0.00197618
0.852875 , 0.00223815
0.853404 , 0.00194217

7
0 , 0
0 , 0
0 , 0
0 , 0
0 , 0
0 , 0
0 , 0
0 , 0
0 , 0
0 , 0
0 , 0
0 , 0
0 , 0
0 , 0
0 , 0
0 , 0
0 , 0
0 , 0
0 , 0
0 , 0
0 , 0
0 , 0
0 , 0
0 , 0
0 , 0
0 , 0
0 , 0
0 , 0
0 , 0
0 , 0
0 , 0
0 , 0
0 , 0
1.85597e-05 , 1.85597e-05
0.00128749 , 9.53872e-05
0.0217281 , 0.000545148
0.149374 , 0.00289434
0.502757 , 0.00640107
1.08764 , 0.00858481
1.68559 , 0.00966237
2.12362 , 0.0108187
2.32581 , 0.00566977
2.32199 , 0.00266182
2.20087 , 0.00474105
2.01919 , 0.00523367
1.81132 , 0.00827559
1.6129 , 0.00739249
1.4335 , 0.00983549
1.28063 , 0.00898059
1.152 , 0.00708914
1.04402 , 0.00678599
0.944408 , 0.00313912
0.869054 , 0.00316631
0.805895 , 0.00319763
0.760849 , 0.00223698
0.717544 , 0.00181776
0.683893 , 0.00212893
0.665724 , 0.00188839
0.648698 , 0.003449
0.636086 , 0.00278927
0.634302 , 0.00335498
0.629098 , 0.00357091
0.635147 , 0.00281027
0.646577 , 0.00313226
0.66098 , 0.00272998
0.681054 , 0.00367761
0.707519 , 0.00471044
0.738169 , 0.00316381
0.77 , 0.00321005
0.805342 , 0.00302675
0.843539 , 0.00284668
0.88555 , 0.00306197
0.923689 , 0.00285968
0.965205 , 0.00299177
0.999956 , 0.00371766
1.03862 , 0.00243396
1.07384 , 0.00430835
1.10577 , 0.0022115
1.12829 , 0.00214307
1.14683 , 0.00257974
1.15537 , 0.00299143
1.15736 , 0.00314331
1.15227 , 0.00218581
1.14091 , 0.00243036
1.1222 , 0.00272312
1.09656 , 0.00207926
1.07371 , 0.00380343
1.04786 , 0.00282764
1.01948 , 0.00283445
0.990481 , 0.00269125
0.966664 , 0.00277027
0.944438 , 0.00274338
0.924184 , 0.00273939
0.906616 , 0.00310176
0.891898 , 0.00114003
0.879695 , 0.00209742
0.869767 , 0.00203287
0.858584 , 0.00173739
0.851729 , 0.00221171
0.853475 , 0.00164294

8
0 , 0
0 , 0
0 , 0
0 , 0
0 , 0
0 , 0
0 , 0
0 , 0
0 , 0
0 , 0
0 , 0
0 , 0
0 , 0
0 , 0
0 , 0
0 , 0
0 , 0
0 , 0
0 , 0
0 , 0
0 , 0
0 , 0
0 , 0
0 , 0
0 , 0
0 , 0
0 , 0
0 , 0
0 , 0
0 , 0
0 , 0
0 , 0
0 , 0
1.62397e-05 , 1.62397e-05
0.00130066 , 8.36506e-05
0.0218161 , 0.000480247
0.149131 , 0.00251835
0.502408 , 0.00555447
1.08347 , 0.00852248
1.6831 , 0.00873189
2.12426 , 0.00939132
2.3244 , 0.00510937
2.32439 , 0.00333327
2.19945 , 0.00434535
2.02022 , 0.00464934
1.81215 , 0.00721421
1.61377 , 0.00646122
1.436 , 0.00887717
1.28266 , 0.00803626
1.15219 , 0.0061426
1.0465 , 0.00637998
0.946964 , 0.00373157
0.870247 , 0.00299054
0.807276 , 0.00309453
0.762346 , 0.00244842
0.718429 , 0.00180576
0.684164 , 0.00186346
0.664939 , 0.00181398
0.647093 , 0.00339087
0.635611 , 0.00246177
0.632449 , 0.00344572
0.627622 , 0.00342672
0.633681 , 0.0028411
0.645449 , 0.00293768
0.659278 , 0.0029128
0.679716 , 0.00345446
0.70575 , 0.00444643
0.736287 , 0.00332378
0.768226 , 0.0032977
0.804155 , 0.00287778
0.842463 , 0.00269003
0.884949 , 0.00271903
0.924032 , 0.00250024
0.965493 , 0.00260694
1.00068 , 0.0032991
1.04084 , 0.00306094
1.07447 , 0.00378348
1.10752 , 0.00259554
1.12965 , 0.00230059
1.14874 , 0.00293691
1.15719 , 0.00316533
1.15784 , 0.00276409
1.15222 , 0.0018937
1.14178 , 0.0022779
1.12238 , 0.00236462
1.09708 , 0.00187573
1.07402 , 0.00330882
1.04786 , 0.00244882
1.01959 , 0.00245688
0.991074 , 0.00240506
0.967467 , 0.00252989
0.94544 , 0.00257837
0.924121 , 0.00237322
0.906468 , 0.00269029
0.891516 , 0.00105829
0.879103 , 0.00191048
0.869498 , 0.00178091
0.857683 , 0.00175355
0.850223 , 0.00243698
0.852048 , 0.00201487

9
0 , 0
0 , 0
0 , 0
0 , 0
0 , 0
0 , 0
0 , 0
0 , 0
0 , 0
0 , 0
0 , 0
0 , 0
0 , 0
0 , 0
0 , 0
0 , 0
0 , 0
0 , 0
0 , 0
0 , 0
0 , 0
0 , 0
0 , 0
0 , 0
0 , 0
0 , 0
0 , 0
0 , 0
0 , 0
0 , 0
0 , 0
0 , 0
0 , 0
1.44353e-05 , 1.44353e-05
0.0013018 , 7.37817e-05
0.021794 , 0.000424114
0.148733 , 0.00225633
0.501231 , 0.00503804
1.0824 , 0.00759299
1.68504 , 0.00794219
2.12556 , 0.00838314
2.32701 , 0.00520848
2.32615 , 0.00342276
2.19913 , 0.00384498
2.01936 , 0.00419018
1.81332 , 0.00646874
1.61272 , 0.00579541
1.43576 , 0.00783255
1.28255 , 0.0070881
1.15071 , 0.00561705
1.04574 , 0.00567792
0.946767 , 0.00329678
0.870479 , 0.00264759
0.808337 , 0.0029279
0.761328 , 0.00238734
0.717935 , 0.00166714
0.684576 , 0.00169438
0.664907 , 0.00160009
0.646786 , 0.00300622
0.635348 , 0.00218699
0.632117 , 0.00305695
0.627764 , 0.00302543
0.633493 , 0.00251268
0.644354 , 0.0028126
0.658875 , 0.00260029
0.679643 , 0.00304742
0.704732 , 0.00405135
0.735503 , 0.00303439
0.767668 , 0.00296144
0.805427 , 0.00283885
0.843777 , 0.00271224
0.885961 , 0.00260275
0.924853 , 0.00235287
0.966863 , 0.00267634
1.00165 , 0.00306706
1.04175 , 0.00284633
1.07585 , 0.00361133
1.10813 , 0.00236802
1.1298 , 0.00203444
1.14805 , 0.0026805
1.157 , 0.00279833
1.15709 , 0.00255045
1.15218 , 0.00167063
1.14143 , 0.00203909
1.12161 , 0.00222304
1.09646 , 0.00176758
1.07362 , 0.00294547
1.04699 , 0.00232822
1.01882 , 0.00229746
0.991084 , 0.00212109
0.967688 , 0.00224208
0.944715 , 0.00238663
0.923786 , 0.00211962
0.906757 , 0.00239014
0.891158 , 0.000999719
0.878879 , 0.00169977
0.869819 , 0.00160309
0.857937 , 0.00156729
0.850394 , 0.00215607
0.852175 , 0.00178149

10
0 , 0
0 , 0
0 , 0
0 , 0
0 , 0
0 , 0
0 , 0
0 , 0
0 , 0
0 , 0
0 , 0
0 , 0
0 , 0
0 , 0
0 , 0
0 , 0
0 , 0
0 , 0
0 , 0
0 , 0
0 , 0
0 , 0
0 , 0
0 , 0
0 , 0
0 , 0
0 , 0
0 , 0
0 , 0
0 , 0
0 , 0
0 , 0
0 , 0
1.29918e-05 , 1.29918e-05
0.00124945 , 8.42317e-05
0.0215862 , 0.00043255
0.148794 , 0.00201905
0.502451 , 0.0046684
1.08146 , 0.00685503
1.68255 , 0.0075261
2.12502 , 0.00751756
2.32926 , 0.00517408
2.32627 , 0.00306391
2.20005 , 0.00355872
2.0201 , 0.00381982
1.81346 , 0.00578749
1.61198 , 0.00523528
1.43639 , 0.00703364
1.28375 , 0.00645114
1.15054 , 0.00502675
1.04559 , 0.00508052
0.94765 , 0.00307788
0.87042 , 0.0023688
0.808724 , 0.00264733
0.761966 , 0.00222877
0.719063 , 0.00186941
0.685177 , 0.00163034
0.664745 , 0.00144035
0.646391 , 0.0027177
0.635111 , 0.00197037
0.631469 , 0.0028101
0.627595 , 0.0027113
0.633151 , 0.0022733
0.643349 , 0.00270919
0.657689 , 0.00261092
0.678919 , 0.00282029
0.704165 , 0.00366767
0.734801 , 0.00280334
0.767919 , 0.00266072
0.804515 , 0.00269783
0.844677 , 0.00258748
0.885856 , 0.00233033
0.925131 , 0.00212265
0.966232 , 0.00247564
1.00109 , 0.00279895
1.04124 , 0.0025947
1.07604 , 0.00323556
1.10791 , 0.00213
1.13123 , 0.00231653
1.14807 , 0.00239762
1.15752 , 0.00255642
1.15774 , 0.00237182
1.15265 , 0.00156677
1.14158 , 0.00182983
1.12112 , 0.00204798
1.09632 , 0.00158713
1.07367 , 0.00263499
1.04685 , 0.00208749
1.01893 , 0.00205789
0.992207 , 0.00220463
0.968236 , 0.00207895
0.945325 , 0.00221997
0.924317 , 0.00196876
0.90708 , 0.00216213
0.891659 , 0.00102502
0.879431 , 0.00161759
0.870057 , 0.00145342
0.858034 , 0.00140516
0.850599 , 0.00193926
0.85142 , 0.00176321

11
0 , 0
0 , 0
0 , 0
0 , 0
0 , 0
0 , 0
0 , 0
0 , 0
0 , 0
0 , 0
0 , 0
0 , 0
0 , 0
0 , 0
0 , 0
0 , 0
0 , 0
0 , 0
0 , 0
0 , 0
0 , 0
0 , 0
0 , 0
0 , 0
0 , 0
0 , 0
0 , 0
0 , 0
0 , 0
0 , 0
0 , 0
0 , 0
0 , 0
1.18107e-05 , 1.18107e-05
0.0012178 , 8.25048e-05
0.0217513 , 0.000424671
0.149306 , 0.00189665
0.503125 , 0.00427615
1.08135 , 0.00620168
1.68425 , 0.0070159
2.12605 , 0.00687706
2.32811 , 0.00481992
2.32809 , 0.0033156
2.20059 , 0.00326479
2.02177 , 0.003839
1.81393 , 0.00525623
1.61328 , 0.00491124
1.43558 , 0.00641293
1.28354 , 0.005839
1.15018 , 0.00456151
1.04528 , 0.00460634
0.947181 , 0.00282328
0.869311 , 0.00241258
0.807365 , 0.00275369
0.760288 , 0.00262317
0.718798 , 0.00171152
0.684751 , 0.00153499
0.664822 , 0.00130514
0.646139 , 0.00247106
0.634848 , 0.00180159
0.631417 , 0.00254236
0.627805 , 0.00246143
0.632326 , 0.00221558
0.642495 , 0.00259509
0.657981 , 0.00237973
0.678622 , 0.00256822
0.703678 , 0.00335321
0.734207 , 0.00260433
0.768405 , 0.00245516
0.805772 , 0.00274516
0.845207 , 0.00239964
0.886403 , 0.00217771
0.925416 , 0.00194117
0.967064 , 0.0023891
1.00288 , 0.00310093
1.04118 , 0.00234789
1.07565 , 0.00295152
1.10806 , 0.00193316
1.1318 , 0.00217283
1.14891 , 0.00232376
1.15726 , 0.00232616
1.1587 , 0.00234824
1.1529 , 0.00143955
1.14213 , 0.00174529
1.12165 , 0.00192834
1.097 , 0.0015878
1.07317 , 0.00243465
1.04683 , 0.00188824
1.01868 , 0.00187814
0.991931 , 0.00201316
0.968128 , 0.00188356
0.944668 , 0.00211258
0.92361 , 0.00191619
0.906176 , 0.00215455
0.891277 , 0.00100289
0.879304 , 0.00146865
0.870008 , 0.00131556
0.857747 , 0.00130307
0.850315 , 0.00177691
0.850712 , 0.00174506

12
0 , 0
0 , 0
0 , 0
0 , 0
0 , 0
0 , 0
0 , 0
0 , 0
0 , 0
0 , 0
0 , 0
0 , 0
0 , 0
0 , 0
0 , 0
0 , 0
0 , 0
0 , 0
0 , 0
0 , 0
0 , 0
0 , 0
0 , 0
0 , 0
0 , 0
0 , 0
0 , 0
0 , 0
0 , 0
0 , 0
0 , 0
0 , 0
0 , 0
1.08265e-05 , 1.08265e-05
0.00119142 , 7.98023e-05
0.0217789 , 0.000388654
0.148803 , 0.00180304
0.503543 , 0.00392596
1.08161 , 0.00566725
1.68698 , 0.00696184
2.12642 , 0.00628907
2.32647 , 0.00469334
2.32792 , 0.0030317
2.20135 , 0.00307613
2.02098 , 0.00359315
1.81421 , 0.00480657
1.61282 , 0.00450744
1.43403 , 0.00605519
1.284 , 0.00534987
1.15064 , 0.00418927
1.0434 , 0.00460421
0.94795 , 0.0026896
0.868504 , 0.0023458
0.807131 , 0.00252462
0.759885 , 0.00242824
0.718362 , 0.00162221
0.685293 , 0.00150246
0.664749 , 0.00119366
0.646861 , 0.00236827
0.63475 , 0.00164752
0.632041 , 0.00240326
0.628017 , 0.00225697
0.632671 , 0.00205187
0.642505 , 0.002369
0.658915 , 0.00236464
0.678941 , 0.00236605
0.704034 , 0.00308171
0.734919 , 0.00248155
0.768666 , 0.00225648
0.806583 , 0.00263371
0.845752 , 0.0022574
0.886574 , 0.00199527
0.925172 , 0.00178882
0.9672 , 0.00218518
1.00337 , 0.00287224
1.04038 , 0.00228797
1.07556 , 0.00269605
1.10764 , 0.00181416
1.13101 , 0.00213629
1.14794 , 0.0023305
1.15688 , 0.00215743
1.15864 , 0.0021444
1.15257 , 0.00135591
1.14218 , 0.00159381
1.12201 , 0.00179677
1.09709 , 0.0014521
1.07313 , 0.00222287
1.0466 , 0.00174023
1.01835 , 0.00174595
0.992097 , 0.0018452
0.96817 , 0.00171995
0.944397 , 0.00194749
0.923235 , 0.00178901
0.905465 , 0.00209138
0.890937 , 0.000976462
0.879135 , 0.00135128
0.870225 , 0.00122038
0.858024 , 0.00122136
0.850684 , 0.0016635
0.850999 , 0.00161867

13
0 , 0
0 , 0
0 , 0
0 , 0
0 , 0
0 , 0
0 , 0
0 , 0
0 , 0
0 , 0
0 , 0
0 , 0
0 , 0
0 , 0
0 , 0
0 , 0
0 , 0
0 , 0
0 , 0
0 , 0
0 , 0
0 , 0
0 , 0
0 , 0
0 , 0
0 , 0
0 , 0
0 , 0
0 , 0
0 , 0
0 , 0
0 , 0
0 , 0
9.99367e-06 , 9.99367e-06
0.0011754 , 7.51349e-05
0.0218351 , 0.000361904
0.148768 , 0.00165893
0.503448 , 0.00361261
1.08255 , 0.00529733
1.68765 , 0.00643878
2.12579 , 0.00581914
2.3266 , 0.00431924
2.3278 , 0.00279105
2.20241 , 0.00301962
2.01885 , 0.00393383
1.81417 , 0.00442157
1.61352 , 0.00420582
1.43453 , 0.00559207
1.28448 , 0.00494478
1.15065 , 0.00385359
1.04314 , 0.00424333
0.948184 , 0.00248513
0.868264 , 0.00217108
0.807121 , 0.00232233
0.759034 , 0.00239028
0.718634 , 0.0015168
0.685285 , 0.00138209
0.664523 , 0.00112115
0.646202 , 0.00227578
0.634209 , 0.00160925
0.631649 , 0.00224517
0.627982 , 0.0020764
0.632915 , 0.00190316
0.642953 , 0.00222476
0.659438 , 0.00223704
0.678957 , 0.00217651
0.70498 , 0.00298863
0.735497 , 0.00235485
0.769096 , 0.00211958
0.806428 , 0.00242759
0.845194 , 0.00215013
0.886203 , 0.00187249
0.925466 , 0.00167151
0.966843 , 0.00204164
1.00387 , 0.00268894
1.04009 , 0.00212426
1.07521 , 0.00250372
1.1072 , 0.00172707
1.13093 , 0.00196688
1.14767 , 0.00216082
1.15587 , 0.00223002
1.15762 , 0.002221
1.15227 , 0.00128112
1.14161 , 0.00157254
1.12237 , 0.00169194
1.09768 , 0.00146165
1.07321 , 0.00204606
1.04735 , 0.0017709
1.01938 , 0.00190825
0.99336 , 0.0021156
0.969075 , 0.00182252
0.945751 , 0.00224549
0.923651 , 0.00169753
0.905828 , 0.00195771
0.890749 , 0.000917709
0.8793 , 0.00125389
0.869634 , 0.00126864
0.857587 , 0.00120561
0.85013 , 0.00162731
0.850585 , 0.00154556

14
0 , 0
0 , 0
0 , 0
0 , 0
0 , 0
0 , 0
0 , 0
0 , 0
0 , 0
0 , 0
0 , 0
0 , 0
0 , 0
0 , 0
0 , 0
0 , 0
0 , 0
0 , 0
0 , 0
0 , 0
0 , 0
0 , 0
0 , 0
0 , 0
0 , 0
0 , 0
0 , 0
0 , 0
0 , 0
0 , 0
0 , 0
0 , 0
0 , 0
9.27984e-06 , 9.27984e-06
0.00114119 , 7.75198e-05
0.0220247 , 0.000384969
0.149117 , 0.00157497
0.505648 , 0.00400314
1.08474 , 0.00537099
1.68845 , 0.00601424
2.1258 , 0.00538749
2.32741 , 0.00407816
2.32659 , 0.00285461
2.20143 , 0.00296162
2.01744 , 0.00390225
1.81253 , 0.004411
1.61216 , 0.00412536
1.43334 , 0.0053117
1.28333 , 0.00471947
1.14917 , 0.00386111
1.0423 , 0.00401755
0.947565 , 0.00238265
0.86772 , 0.00208234
0.807113 , 0.00215008
0.759239 , 0.00222243
0.718876 , 0.00142507
0.685498 , 0.00129726
0.665022 , 0.00115192
0.647183 , 0.00232422
0.635403 , 0.00190897
0.633336 , 0.00267702
0.629566 , 0.00249068
0.634544 , 0.00239953
0.644321 , 0.00247224
0.660561 , 0.00235605
0.679405 , 0.00206426
0.704732 , 0.00277809
0.735745 , 0.00219423
0.769121 , 0.00196251
0.806486 , 0.00224824
0.845284 , 0.00199267
0.886545 , 0.00176707
0.924261 , 0.00196127
0.966061 , 0.00204552
1.00312 , 0.00259904
1.03878 , 0.00236275
1.07443 , 0.00244651
1.10612 , 0.00192792
1.12998 , 0.0020542
1.14768 , 0.00200056
1.1553 , 0.00214016
1.15711 , 0.00211903
1.15199 , 0.00121826
1.14091 , 0.00161531
1.12145 , 0.00181873
1.09711 , 0.0014673
1.07337 , 0.00190149
1.04667 , 0.00177514
1.01972 , 0.0017988
0.993326 , 0.00195896
0.969179 , 0.00169055
0.945781 , 0.00207914
0.92466 , 0.00186748
0.9066 , 0.00196997
0.891535 , 0.00115724
0.880055 , 0.00138475
0.870587 , 0.00151218
0.858695 , 0.00157337
0.851254 , 0.00187952
0.851612 , 0.00176138

15
0 , 0
0 , 0
0 , 0
0 , 0
0 , 0
0 , 0
0 , 0
0 , 0
0 , 0
0 , 0
0 , 0
0 , 0
0 , 0
0 , 0
0 , 0
0 , 0
0 , 0
0 , 0
0 , 0
0 , 0
0 , 0
0 , 0
0 , 0
0 , 0
0 , 0
0 , 0
0 , 0
0 , 0
0 , 0
0 , 0
0 , 0
0 , 0
0 , 0
8.66118e-06 , 8.66118e-06
0.00116889 , 7.73007e-05
0.0219536 , 0.000365382
0.149704 , 0.00157936
0.506249 , 0.00377479
1.08442 , 0.00500996
1.68831 , 0.00560058
2.12544 , 0.00502827
2.32659 , 0.0038832
2.32488 , 0.00316167
2.20073 , 0.0028458
2.01733 , 0.00363474
1.81356 , 0.00423413
1.61259 , 0.00386408
1.43482 , 0.0051605
1.28254 , 0.0044638
1.14943 , 0.00360358
1.04313 , 0.00383032
0.948176 , 0.00230081
0.869151 , 0.0024095
0.807929 , 0.00216158
0.759867 , 0.00216209
0.718969 , 0.00132988
0.68478 , 0.00140533
0.66501 , 0.00107245
0.646714 , 0.00221414
0.635701 , 0.00180204
0.632255 , 0.00271649
0.629459 , 0.00232118
0.634113 , 0.00227507
0.643882 , 0.00234289
0.659507 , 0.00243344
0.678236 , 0.00224933
0.703544 , 0.00284576
0.735388 , 0.00207377
0.768992 , 0.00183154
0.806432 , 0.00209368
0.84547 , 0.00186437
0.886556 , 0.00164508
0.924928 , 0.0019438
0.966712 , 0.0020126
1.00318 , 0.00242038
1.03964 , 0.00236109
1.0748 , 0.00230733
1.10633 , 0.00180722
1.13008 , 0.00191532
1.14787 , 0.00187203
1.15583 , 0.00206041
1.1574 , 0.00199461
1.15181 , 0.00114962
1.14102 , 0.00150759
1.12153 , 0.00169509
1.09706 , 0.00136718
1.0737 , 0.00180079
1.04697 , 0.00167984
1.01962 , 0.00167787
0.993575 , 0.00184061
0.968995 , 0.00158447
0.94603 , 0.00195148
0.924995 , 0.00177055
0.906752 , 0.00184025
0.891654 , 0.00108389
0.879946 , 0.00129376
0.870301 , 0.00143647
0.858609 , 0.0014673
0.850531 , 0.00189332
0.851529 , 0.00164185

16
0 , 0
0 , 0
0 , 0
0 , 0
0 , 0
0 , 0
0 , 0
0 , 0
0 , 0
0 , 0
0 , 0
0 , 0
0 , 0
0 , 0
0 , 0
0 , 0
0 , 0
0 , 0
0 , 0
0 , 0
0 , 0
0 , 0
0 , 0
0 , 0
0 , 0
0 , 0
0 , 0
0 , 0
0 , 0
0 , 0
0 , 0
0 , 0
0 , 0
8.11986e-06 , 8.11986e-06
0.0011368 , 7.91089e-05
0.0217191 , 0.000414482
0.14978 , 0.00147933
0.50717 , 0.00364916
1.08419 , 0.00469218
1.68872 , 0.00525509
2.1237 , 0.0050155
2.32627 , 0.00364686
2.32387 , 0.00312614
2.20247 , 0.00318351
2.01773 , 0.00342428
1.81401 , 0.0039861
1.61309 , 0.00364902
1.43499 , 0.00483037
1.28366 , 0.00432268
1.15058 , 0.00356152
1.0427 , 0.00360811
0.948166 , 0.00215224
0.869362 , 0.00226369
0.807774 , 0.00202793
0.759138 , 0.00214975
0.718679 , 0.00127724
0.684652 , 0.00132073
0.663935 , 0.0014706
0.645771 , 0.00227579
0.635815 , 0.00168951
0.631898 , 0.00256603
0.628752 , 0.0022833
0.633975 , 0.00213264
0.643737 , 0.00219636
0.659345 , 0.00228201
0.678055 , 0.00211179
0.703737 , 0.00266893
0.735525 , 0.00194467
0.768902 , 0.00171559
0.806347 , 0.00196032
0.845153 , 0.00177251
0.886748 , 0.0015508
0.924898 , 0.00181849
0.966773 , 0.00188361
1.00324 , 0.00226486
1.04002 , 0.00224087
1.07528 , 0.00221184
1.10663 , 0.00171693
1.13034 , 0.00181046
1.14805 , 0.00175995
1.15692 , 0.0022174
1.15758 , 0.00187381
1.15245 , 0.00125116
1.14102 , 0.00141024
1.12192 , 0.00163183
1.09739 , 0.00132065
1.07392 , 0.0016984
1.04697 , 0.00157135
1.01987 , 0.00158919
0.993592 , 0.00172182
0.96894 , 0.00148317
0.94568 , 0.00185872
0.924405 , 0.0017581
0.906394 , 0.00175836
0.890996 , 0.00120856
0.879308 , 0.00136786
0.869717 , 0.00146528
0.858014 , 0.00149589
0.849768 , 0.00192822
0.851192 , 0.00157222

17
0 , 0
0 , 0
0 , 0
0 , 0
0 , 0
0 , 0
0 , 0
0 , 0
0 , 0
0 , 0
0 , 0
0 , 0
0 , 0
0 , 0
0 , 0
0 , 0
0 , 0
0 , 0
0 , 0
0 , 0
0 , 0
0 , 0
0 , 0
0 , 0
0 , 0
0 , 0
0 , 0
0 , 0
0 , 0
0 , 0
0 , 0
0 , 0
0 , 0
7.64222e-06 , 7.64222e-06
0.0011374 , 7.43124e-05
0.0217405 , 0.000389926
0.149375 , 0.00144734
0.506178 , 0.00356838
1.08345 , 0.00446954
1.68798 , 0.0049922
2.12335 , 0.00472483
2.32667 , 0.00344901
2.32371 , 0.00294065
2.2031 , 0.00305513
2.01813 , 0.00324124
1.81394 , 0.00374494
1.61368 , 0.00347768
1.43562 , 0.00458051
1.28423 , 0.00410063
1.15074 , 0.00334916
1.04276 , 0.00338981
0.94843 , 0.00203883
0.869708 , 0.00215445
0.807778 , 0.00190491
0.758745 , 0.00205734
0.718662 , 0.00119988
0.68511 , 0.00132243
0.663922 , 0.00138145
0.645326 , 0.00218347
0.635281 , 0.00167453
0.631355 , 0.00247074
0.628328 , 0.00218635
0.633943 , 0.00200351
0.643481 , 0.00207903
0.659402 , 0.00214431
0.677959 , 0.00198604
0.703978 , 0.00251859
0.735742 , 0.00183957
0.768805 , 0.00161448
0.806294 , 0.00184214
0.844353 , 0.00184721
0.886475 , 0.0014821
0.924904 , 0.00170818
0.966776 , 0.00176935
1.00292 , 0.00215178
1.04009 , 0.00210631
1.07514 , 0.00208285
1.10656 , 0.00161438
1.1304 , 0.00170176
1.14808 , 0.00165352
1.15721 , 0.00210196
1.15816 , 0.00185401
1.15309 , 0.0013418
1.14124 , 0.00134223
1.12231 , 0.00158296
1.09869 , 0.0017973
1.07422 , 0.00162311
1.04694 , 0.00147632
1.02033 , 0.00156296
0.993988 , 0.00166518
0.968707 , 0.00141255
0.945349 , 0.00177692
0.923984 , 0.00170424
0.906094 , 0.00167863
0.890851 , 0.00114454
0.879154 , 0.0012941
0.869435 , 0.00140498
0.85768 , 0.00144418
0.849318 , 0.00186632
0.85039 , 0.001681

18
0 , 0
0 , 0
0 , 0
0 , 0
0 , 0
0 , 0
0 , 0
0 , 0
0 , 0
0 , 0
0 , 0
0 , 0
0 , 0
0 , 0
0 , 0
0 , 0
0 , 0
0 , 0
0 , 0
0 , 0
0 , 0
0 , 0
0 , 0
0 , 0
0 , 0
0 , 0
0 , 0
0 , 0
0 , 0
0 , 0
0 , 0
0 , 0
0 , 0
7.21765e-06 , 7.21765e-06
0.00114931 , 7.10683e-05
0.0217185 , 0.00036828
0.149742 , 0.0014129
0.507278 , 0.00353976
1.08487 , 0.00444738
1.6899 , 0.00508474
2.12408 , 0.00451499
2.3272 , 0.00329457
2.32399 , 0.00278696
2.20204 , 0.00306903
2.01689 , 0.00329872
1.81296 , 0.00366465
1.61328 , 0.00330223
1.43474 , 0.0044071
1.28367 , 0.00390678
1.15021 , 0.00320122
1.04225 , 0.00323671
0.947871 , 0.00200181
0.869366 , 0.00205983
0.807515 , 0.0018152
0.758915 , 0.00194717
0.718558 , 0.001136
0.685598 , 0.00133878
0.663878 , 0.00130318
0.645626 , 0.00208032
0.635527 , 0.00159778
0.63221 , 0.00248136
0.628791 , 0.0021128
0.634316 , 0.00192542
0.643752 , 0.00197875
0.659603 , 0.0020317
0.678108 , 0.00187837
0.704145 , 0.00238043
0.736064 , 0.00176408
0.769441 , 0.00164993
0.806133 , 0.00174427
0.845191 , 0.0019326
0.886299 , 0.00140838
0.924762 , 0.00161675
0.96661 , 0.0016764
1.00328 , 0.00205967
1.04 , 0.00198806
1.07497 , 0.0019706
1.10627 , 0.00154997
1.13 , 0.00165405
1.14766 , 0.00161401
1.15686 , 0.00201231
1.1585 , 0.00178046
1.1526 , 0.0013577
1.14097 , 0.00129417
1.12213 , 0.00150354
1.09832 , 0.00173366
1.07413 , 0.00153265
1.04673 , 0.00140742
1.02005 , 0.00149945
0.99405 , 0.00157117
0.968681 , 0.00133202
0.945077 , 0.0016973
0.924017 , 0.0016071
0.906173 , 0.00158459
0.891203 , 0.00113509
0.879259 , 0.0012246
0.869992 , 0.00143705
0.857798 , 0.00136666
0.849868 , 0.00184358
0.850816 , 0.00164132

19
0 , 0
0 , 0
0 , 0
0 , 0
0 , 0
0 , 0
0 , 0
0 , 0
0 , 0
0 , 0
0 , 0
0 , 0
0 , 0
0 , 0
0 , 0
0 , 0
0 , 0
0 , 0
0 , 0
0 , 0
0 , 0
0 , 0
0 , 0
0 , 0
0 , 0
0 , 0
0 , 0
0 , 0
0 , 0
0 , 0
0 , 0
0 , 0
0 , 0
1.36756e-05 , 9.39762e-06
0.0011686 , 6.99354e-05
0.0216356 , 0.000358099
0.149847 , 0.00134059
0.507103 , 0.00335285
1.0835 , 0.00442328
1.68849 , 0.0050128
2.12375 , 0.00428329
2.32644 , 0.00320708
2.3237 , 0.00265258
2.20303 , 0.0030678
2.01744 , 0.00316823
1.81289 , 0.00346716
1.61348 , 0.00312964
1.43514 , 0.0041875
1.28395 , 0.00370602
1.15089 , 0.00310398
1.04228 , 0.0030618
0.948093 , 0.00190645
0.870095 , 0.00208024
0.808127 , 0.00182279
0.758874 , 0.00184229
0.71883 , 0.00110848
0.685291 , 0.00130292
0.663716 , 0.00124328
0.645687 , 0.00196874
0.635215 , 0.00154316
0.631913 , 0.00236584
0.628802 , 0.00199853
0.633968 , 0.00185428
0.643958 , 0.00188303
0.65969 , 0.00192376
0.678113 , 0.00177677
0.70417 , 0.0022518
0.735875 , 0.0016794
0.768797 , 0.00168835
0.806034 , 0.00165288
0.845166 , 0.00182823
0.885914 , 0.00138657
0.924842 , 0.00153143
0.96666 , 0.00158651
1.00277 , 0.00201446
1.0402 , 0.00189099
1.07476 , 0.00187644
1.10595 , 0.00150068
1.12979 , 0.00157961
1.14733 , 0.00156185
1.15682 , 0.00190373
1.15839 , 0.00168784
1.15253 , 0.00128624
1.14115 , 0.00123731
1.122 , 0.00142833
1.09885 , 0.00172383
1.07434 , 0.00146439
1.04667 , 0.00133298
1.02045 , 0.00147224
0.994395 , 0.00152564
0.969099 , 0.00132756
0.945489 , 0.00165746
0.924472 , 0.00158683
0.906714 , 0.00159355
0.891209 , 0.0010737
0.879514 , 0.00118597
0.870333 , 0.00140151
0.857762 , 0.00129323
0.849716 , 0.00175046
0.850782 , 0.00155291

20
0 , 0
0 , 0
0 , 0
0 , 0
0 , 0
0 , 0
0 , 0
0 , 0
0 , 0
0 , 0
0 , 0
0 , 0
0 , 0
0 , 0
0 , 0
0 , 0
0 , 0
0 , 0
0 , 0
0 , 0
0 , 0
0 , 0
0 , 0
0 , 0
0 , 0
0 , 0
0 , 0
0 , 0
0 , 0
0 , 0
0 , 0
0 , 0
0 , 0
1.29918e-05 , 8.94155e-06
0.00115113 , 6.86066e-05
0.0216386 , 0.000339735
0.149577 , 0.00130015
0.507668 , 0.00323054
1.08457 , 0.0043291
1.68834 , 0.00475806
2.12476 , 0.0041869
2.32623 , 0.00304955
2.32453 , 0.0026487
2.2033 , 0.00292244
2.01747 , 0.00300577
1.81321 , 0.00330508
1.61319 , 0.00298285
1.4351 , 0.00397275
1.28385 , 0.00351733
1.15024 , 0.00301523
1.04158 , 0.00298977
0.947899 , 0.00181892
0.86923 , 0.00215459
0.807493 , 0.00184173
0.759146 , 0.00176877
0.718626 , 0.00107121
0.685464 , 0.00124812
0.663675 , 0.00118019
0.645411 , 0.00188799
0.634597 , 0.00158914
0.631142 , 0.00237316
0.628511 , 0.00191824
0.633462 , 0.00183057
0.644197 , 0.00180232
0.659882 , 0.00183514
0.67821 , 0.00168839
0.704372 , 0.00214582
0.736495 , 0.0017097
0.769037 , 0.0016196
0.806206 , 0.00157741
0.845275 , 0.00173787
0.886522 , 0.00144899
0.925425 , 0.00156532
0.966781 , 0.00150999
1.00326 , 0.00197531
1.04072 , 0.00186667
1.07545 , 0.00191138
1.10643 , 0.00150434
1.13029 , 0.00158258
1.14733 , 0.0014817
1.15707 , 0.00182319
1.15869 , 0.0016304
1.15229 , 0.00124324
1.14089 , 0.00120105
1.12168 , 0.00139087
1.09842 , 0.00169249
1.07386 , 0.00147036
1.04636 , 0.00130036
1.01989 , 0.00150342
0.993677 , 0.00161556
0.968646 , 0.00133827
0.944789 , 0.00172121
0.924 , 0.00157776
0.906605 , 0.00151566
0.891218 , 0.00101864
0.879298 , 0.00114565
0.870332 , 0.00132959
0.857789 , 0.00122716
0.849451 , 0.00168174
0.850863 , 0.00147542

21
0 , 0
0 , 0
0 , 0
0 , 0
0 , 0
0 , 0
0 , 0
0 , 0
0 , 0
0 , 0
0 , 0
0 , 0
0 , 0
0 , 0
0 , 0
0 , 0
0 , 0
0 , 0
0 , 0
0 , 0
0 , 0
0 , 0
0 , 0
0 , 0
0 , 0
0 , 0
0 , 0
0 , 0
0 , 0
0 , 0
0 , 0
0 , 0
0 , 0
1.23731e-05 , 8.52758e-06
0.00116069 , 6.59542e-05
0.0216301 , 0.000323262
0.14935 , 0.00125731
0.507489 , 0.00307804
1.08399 , 0.00415829
1.68783 , 0.00455437
2.12463 , 0.00398476
2.32614 , 0.00290223
2.32524 , 0.00261997
2.20488 , 0.00320031
2.01769 , 0.00286792
1.81353 , 0.00315989
1.61397 , 0.00294084
1.43523 , 0.00378109
1.28436 , 0.00338486
1.15019 , 0.00286867
1.04129 , 0.00285849
0.947615 , 0.00175343
0.869519 , 0.00206966
0.807329 , 0.00175951
0.758387 , 0.00184592
0.718333 , 0.00106024
0.685069 , 0.00125111
0.663078 , 0.00127152
0.644939 , 0.00185682
0.63424 , 0.00155322
0.630641 , 0.00231216
0.62844 , 0.00182599
0.632958 , 0.00181263
0.643997 , 0.0017259
0.659552 , 0.00177654
0.678199 , 0.00160602
0.70436 , 0.00204112
0.736749 , 0.00164588
0.769207 , 0.00154992
0.806538 , 0.00153672
0.845664 , 0.00169806
0.886301 , 0.00139586
0.925382 , 0.00148954
0.967161 , 0.00148568
1.0036 , 0.00190826
1.04156 , 0.00196824
1.07603 , 0.00190643
1.10668 , 0.00145268
1.13067 , 0.00155181
1.14743 , 0.00141321
1.15738 , 0.00176099
1.15847 , 0.00156612
1.15254 , 0.00120873
1.14081 , 0.00114569
1.1218 , 0.00132843
1.09851 , 0.00161256
1.07415 , 0.0014276
1.04625 , 0.00124194
1.02012 , 0.00144841
0.993259 , 0.00159258
0.968103 , 0.00138409
0.944285 , 0.00171304
0.923651 , 0.00154061
0.906197 , 0.00149835
0.890817 , 0.00104866
0.878761 , 0.00121481
0.870209 , 0.00127065
0.857373 , 0.00123927
0.849158 , 0.00162624
0.850754 , 0.00140762

22
0 , 0
0 , 0
0 , 0
0 , 0
0 , 0
0 , 0
0 , 0
0 , 0
0 , 0
0 , 0
0 , 0
0 , 0
0 , 0
0 , 0
0 , 0
0 , 0
0 , 0
0 , 0
0 , 0
0 , 0
0 , 0
0 , 0
0 , 0
0 , 0
0 , 0
0 , 0
0 , 0
0 , 0
0 , 0
0 , 0
0 , 0
0 , 0
0 , 0
1.37792e-05 , 8.25141e-06
0.00117311 , 6.40984e-05
0.0216613 , 0.00030979
0.149442 , 0.0012023
0.507774 , 0.00294854
1.08525 , 0.00416105
1.68935 , 0.00460142
2.126 , 0.00404037
2.32672 , 0.00282874
2.32446 , 0.00261876
2.20448 , 0.00307829
2.01728 , 0.00276487
1.81345 , 0.00301377
1.61356 , 0.00283371
1.43488 , 0.0036224
1.28386 , 0.00326568
1.15036 , 0.00274077
1.04111 , 0.00273105
0.947401 , 0.00168546
0.869106 , 0.00201615
0.80684 , 0.00174726
0.757718 , 0.00188276
0.717641 , 0.00122543
0.684555 , 0.00129891
0.662459 , 0.00136133
0.644542 , 0.00181442
0.633807 , 0.00154295
0.630665 , 0.0022047
0.628863 , 0.00179161
0.633254 , 0.0017534
0.644379 , 0.0016892
0.660085 , 0.00177569
0.678784 , 0.00163932
0.70522 , 0.00212796
0.737437 , 0.00171348
0.769623 , 0.00153515
0.806986 , 0.00153214
0.845862 , 0.00163119
0.886911 , 0.00146391
0.925846 , 0.00149411
0.967051 , 0.00142079
1.00346 , 0.00182459
1.04179 , 0.00189056
1.07561 , 0.00186411
1.10626 , 0.00144974
1.13072 , 0.00148026
1.14712 , 0.0013839
1.15696 , 0.0017318
1.15826 , 0.00150846
1.15244 , 0.00115726
1.14051 , 0.00113287
1.12152 , 0.00129886
1.09849 , 0.00153769
1.07368 , 0.00143925
1.04617 , 0.00118706
1.02039 , 0.00140651
0.99338 , 0.0015233
0.968392 , 0.00135098
0.943967 , 0.00166394
0.923405 , 0.00148936
0.906007 , 0.00144126
0.890667 , 0.00101092
0.878732 , 0.00115864
0.869931 , 0.00124309
0.857524 , 0.00119118
0.849178 , 0.00155068
0.850484 , 0.00136888

23
0 , 0
0 , 0
0 , 0
0 , 0
0 , 0
0 , 0
0 , 0
0 , 0
0 , 0
0 , 0
0 , 0
0 , 0
0 , 0
0 , 0
0 , 0
0 , 0
0 , 0
0 , 0
0 , 0
0 , 0
0 , 0
0 , 0
0 , 0
0 , 0
0 , 0
0 , 0
0 , 0
0 , 0
0 , 0
0 , 0
0 , 0
0 , 0
0 , 0
1.69458e-05 , 8.49664e-06
0.00117019 , 6.13175e-05
0.0217556 , 0.000310661
0.149609 , 0.00116091
0.507647 , 0.00282028
1.08426 , 0.00409869
1.68824 , 0.00453334
2.12452 , 0.00413704
2.32654 , 0.00270912
2.32466 , 0.00251031
2.20519 , 0.0030267
2.01745 , 0.00264724
1.81361 , 0.00288407
1.61392 , 0.00273242
1.43395 , 0.00358456
1.28358 , 0.00313339
1.15022 , 0.00262272
1.04129 , 0.00261568
0.947789 , 0.00165668
0.869961 , 0.00210755
0.807115 , 0.00169197
0.758573 , 0.00199203
0.717785 , 0.00117987
0.685266 , 0.00142996
0.663219 , 0.00150643
0.644943 , 0.00177952
0.634444 , 0.00160619
0.630834 , 0.00211336
0.629325 , 0.00177318
0.633602 , 0.00171135
0.644262 , 0.00161832
0.659653 , 0.00175077
0.678541 , 0.00158511
0.704653 , 0.00211104
0.73699 , 0.00169714
0.769265 , 0.00150996
0.806558 , 0.00152514
0.845482 , 0.00160434
0.88633 , 0.00151468
0.925379 , 0.00150195
0.966878 , 0.00136867
1.00314 , 0.00177273
1.04153 , 0.00182493
1.07549 , 0.0017858
1.10595 , 0.0014186
1.13025 , 0.00148861
1.14702 , 0.00132568
1.15689 , 0.0016562
1.15843 , 0.00145165
1.15269 , 0.00113356
1.14093 , 0.00116109
1.12217 , 0.00140388
1.09899 , 0.00155356
1.07424 , 0.00148587
1.04636 , 0.00115079
1.02059 , 0.00135972
0.993911 , 0.0015495
0.968366 , 0.00129118
0.94401 , 0.00159054
0.92368 , 0.00144941
0.905991 , 0.00137726
0.890656 , 0.000966032
0.878982 , 0.00113512
0.87012 , 0.00120276
0.857513 , 0.00113827
0.849368 , 0.00149386
0.850293 , 0.001322

24
0 , 0
0 , 0
0 , 0
0 , 0
0 , 0
0 , 0
0 , 0
0 , 0
0 , 0
0 , 0
0 , 0
0 , 0
0 , 0
0 , 0
0 , 0
0 , 0
0 , 0
0 , 0
0 , 0
0 , 0
0 , 0
0 , 0
0 , 0
0 , 0
0 , 0
0 , 0
0 , 0
0 , 0
0 , 0
0 , 0
0 , 0
0 , 0
0 , 0
2.1653e-05 , 9.39863e-06
0.00117606 , 5.89991e-05
0.0218339 , 0.000307575
0.149344 , 0.00114246
0.507632 , 0.00270025
1.08431 , 0.00392463
1.68867 , 0.00436079
2.12406 , 0.0039871
2.32648 , 0.00259443
2.32504 , 0.00243384
2.20476 , 0.00292976
2.01691 , 0.00259218
1.813 , 0.00282775
1.61326 , 0.00269797
1.43428 , 0.00344753
1.28334 , 0.00300924
1.15044 , 0.00252061
1.04142 , 0.00250762
0.948318 , 0.00167185
0.87035 , 0.00205514
0.807607 , 0.00169308
0.759063 , 0.00196913
0.718654 , 0.00142508
0.685127 , 0.00137607
0.663382 , 0.00145151
0.64484 , 0.00170689
0.634446 , 0.00153782
0.630699 , 0.00202786
0.629622 , 0.00172349
0.633776 , 0.00164762
0.644333 , 0.00155105
0.659653 , 0.00167623
0.678432 , 0.00152158
0.704765 , 0.00202429
0.736687 , 0.00165283
0.769511 , 0.00146638
0.806633 , 0.00146215
0.845232 , 0.00155637
0.886458 , 0.00145586
0.925251 , 0.00144373
0.966729 , 0.00131882
1.00326 , 0.00170135
1.04168 , 0.00175333
1.07543 , 0.0017107
1.10579 , 0.0013679
1.13043 , 0.0014363
1.14662 , 0.001332
1.15665 , 0.00160258
1.15821 , 0.00140819
1.15238 , 0.00112621
1.14042 , 0.00122064
1.1218 , 0.00139376
1.0986 , 0.00153737
1.07425 , 0.00142263
1.04612 , 0.00112736
1.02048 , 0.00130696
0.993605 , 0.00151479
0.968446 , 0.00123882
0.944037 , 0.00152307
0.923998 , 0.00142363
0.906424 , 0.00138788
0.891331 , 0.00114497
0.879486 , 0.00119791
0.870535 , 0.00122393
0.857889 , 0.00115303
0.849866 , 0.0015146
0.850782 , 0.00135699

25
0 , 0
0 , 0
0 , 0
0 , 0
0 , 0
0 , 0
0 , 0
0 , 0
0 , 0
0 , 0
0 , 0
0 , 0
0 , 0
0 , 0
0 , 0
0 , 0
0 , 0
0 , 0
0 , 0
0 , 0
0 , 0
0 , 0
0 , 0
0 , 0
0 , 0
0 , 0
0 , 0
0 , 0
0 , 0
0 , 0
0 , 0
0 , 0
0 , 0
2.07868e-05 , 9.05636e-06
0.00118964 , 5.81981e-05
0.0218066 , 0.000296275
0.149514 , 0.00110881
0.508674 , 0.00279178
1.08496 , 0.00381936
1.68967 , 0.00430096
2.12461 , 0.00386375
2.32669 , 0.00249674
2.32434 , 0.00243811
2.2045 , 0.00282239
2.01607 , 0.00262386
1.81233 , 0.00279384
1.61266 , 0.00265611
1.43386 , 0.00333239
1.28296 , 0.00291176
1.14969 , 0.0025318
1.04072 , 0.00250433
0.947946 , 0.00164615
0.870419 , 0.00197241
0.807717 , 0.00162765
0.758933 , 0.00189319
0.718748 , 0.00137007
0.685321 , 0.00133408
0.663509 , 0.00139806
0.644856 , 0.00163728
0.634151 , 0.00150428
0.630776 , 0.00194657
0.629349 , 0.00167541
0.633718 , 0.0015814
0.644328 , 0.00148772
0.660087 , 0.0016654
0.678743 , 0.00149236
0.705287 , 0.00201046
0.737311 , 0.00170379
0.769987 , 0.00148509
0.806828 , 0.00141585
0.845722 , 0.00157143
0.886812 , 0.0014407
0.925976 , 0.00156296
0.967031 , 0.00130053
1.00366 , 0.00168065
1.04183 , 0.00168837
1.07553 , 0.00164408
1.10572 , 0.00131363
1.13042 , 0.00137769
1.14672 , 0.00128161
1.15665 , 0.00153716
1.15763 , 0.00146987
1.15196 , 0.0011596
1.13992 , 0.00127214
1.12131 , 0.00142414
1.09774 , 0.0017065
1.07372 , 0.00146493
1.04531 , 0.00135446
1.01965 , 0.0015015
0.992994 , 0.00157606
0.968133 , 0.00122875
0.943845 , 0.00147345
0.92397 , 0.00136578
0.906406 , 0.00133134
0.891905 , 0.0012393
0.879832 , 0.00119995
0.870809 , 0.0012057
0.85828 , 0.00117288
0.85007 , 0.00146699
0.850962 , 0.00131392

26
0 , 0
0 , 0
0 , 0
0 , 0
0 , 0
0 , 0
0 , 0
0 , 0
0 , 0
0 , 0
0 , 0
0 , 0
0 , 0
0 , 0
0 , 0
0 , 0
0 , 0
0 , 0
0 , 0
0 , 0
0 , 0
0 , 0
0 , 0
0 , 0
0 , 0
0 , 0
0 , 0
0 , 0
0 , 0
0 , 0
0 , 0
0 , 0
0 , 0
1.99873e-05 , 8.73772e-06
0.00120534 , 5.80754e-05
0.0218307 , 0.000285667
0.149384 , 0.00107319
0.508716 , 0.00268258
1.08445 , 0.00370545
1.68895 , 0.00419464
2.12411 , 0.00374621
2.32581 , 0.00255397
2.32394 , 0.00237675
2.20524 , 0.0028108
2.01674 , 0.00260962
1.81352 , 0.00293434
1.61333 , 0.00263843
1.43443 , 0.00325068
1.28385 , 0.00293504
1.15007 , 0.00246252
1.04082 , 0.00240807
0.947998 , 0.00158245
0.870546 , 0.00189931
0.807482 , 0.0015814
0.758398 , 0.00189612
0.718424 , 0.00135545
0.685259 , 0.00128326
0.663483 , 0.00134347
0.644693 , 0.00158142
0.633988 , 0.00145439
0.630424 , 0.00190306
0.629146 , 0.00162243
0.633427 , 0.001547
0.644476 , 0.00143695
0.659851 , 0.00161747
0.679135 , 0.00148626
0.705082 , 0.00194242
0.737218 , 0.00163962
0.77012 , 0.00143297
0.806697 , 0.0013666
0.845941 , 0.00152547
0.886803 , 0.00138421
0.926083 , 0.0015055
0.967056 , 0.00124975
1.00355 , 0.00161844
1.04199 , 0.0016304
1.07555 , 0.0015797
1.10533 , 0.00132208
1.13012 , 0.00135606
1.14646 , 0.00125957
1.15668 , 0.00147734
1.15798 , 0.00145493
1.15225 , 0.00114996
1.14049 , 0.00134808
1.12148 , 0.00137797
1.0981 , 0.00167887
1.07352 , 0.00142079
1.04543 , 0.00130738
1.01961 , 0.00144324
0.99303 , 0.00151466
0.967938 , 0.00119649
0.94394 , 0.00141881
0.924067 , 0.00131576
0.906194 , 0.00129652
0.891757 , 0.00119987
0.879834 , 0.00115288
0.87071 , 0.00116265
0.857974 , 0.00116766
0.849999 , 0.00141123
0.850794 , 0.00127338

27
0 , 0
0 , 0
0 , 0
0 , 0
0 , 0
0 , 0
0 , 0
0 , 0
0 , 0
0 , 0
0 , 0
0 , 0
0 , 0
0 , 0
0 , 0
0 , 0
0 , 0
0 , 0
0 , 0
0 , 0
0 , 0
0 , 0
0 , 0
0 , 0
0 , 0
0 , 0
0 , 0
0 , 0
0 , 0
0 , 0
0 , 0
0 , 0
0 , 0
1.92471e-05 , 8.4404e-06
0.00119711 , 5.64856e-05
0.0218069 , 0.000275905
0.149402 , 0.00103283
0.508216 , 0.00262911
1.08408 , 0.00358478
1.68894 , 0.00403631
2.12416 , 0.00360511
2.32556 , 0.00247012
2.32348 , 0.00233248
2.20523 , 0.00270469
2.01684 , 0.00251307
1.8131 , 0.00285412
1.61301 , 0.00255985
1.43434 , 0.00312926
1.28366 , 0.00283032
1.14987 , 0.00237771
1.04128 , 0.00236245
0.948449 , 0.001588
0.870926 , 0.00186669
0.807644 , 0.00153031
0.758647 , 0.00184142
0.718797 , 0.00135662
0.685465 , 0.00125192
0.663711 , 0.00131269
0.64462 , 0.00152351
0.634117 , 0.00140541
0.630205 , 0.00184419
0.629138 , 0.00156121
0.633612 , 0.00150014
0.644712 , 0.00140272
0.660216 , 0.00159875
0.67931 , 0.0014409
0.705596 , 0.00193845
0.737335 , 0.00158204
0.770335 , 0.00139555
0.806812 , 0.00132004
0.845836 , 0.00147157
0.886352 , 0.00140621
0.925844 , 0.00146837
0.966632 , 0.00127499
1.00309 , 0.00162435
1.04174 , 0.00158929
1.07514 , 0.00157578
1.10466 , 0.00143917
1.1299 , 0.00132369
1.14633 , 0.0012183
1.15668 , 0.00142157
1.15784 , 0.00140651
1.15252 , 0.00113856
1.14089 , 0.00135631
1.12194 , 0.00140416
1.09837 , 0.00163695
1.07379 , 0.00139418
1.0455 , 0.00125977
1.01981 , 0.00140304
0.993064 , 0.00145788
0.968053 , 0.00115706
0.943931 , 0.00136528
0.923967 , 0.00126999
0.906136 , 0.00124892
0.891602 , 0.00116493
0.879886 , 0.00111057
0.870654 , 0.00112019
0.8578 , 0.00113691
0.849935 , 0.00135948
0.850942 , 0.0012342

28
0 , 0
0 , 0
0 , 0
0 , 0
0 , 0
0 , 0
0 , 0
0 , 0
0 , 0
0 , 0
0 , 0
0 , 0
0 , 0
0 , 0
0 , 0
0 , 0
0 , 0
0 , 0
0 , 0
0 , 0
0 , 0
0 , 0
0 , 0
0 , 0
0 , 0
0 , 0
0 , 0
0 , 0
0 , 0
0 , 0
0 , 0
0 , 0
0 , 0
1.85597e-05 , 8.16237e-06
0.00119093 , 5.47803e-05
0.0217794 , 0.000267294
0.149448 , 0.000996345
0.508466 , 0.00254577
1.08335 , 0.00353001
1.68797 , 0.00400762
2.12251 , 0.00384565
2.32495 , 0.00245746
2.32355 , 0.00224862
2.20488 , 0.00262989
2.01703 , 0.00242906
1.81275 , 0.00277286
1.61375 , 0.00257561
1.43417 , 0.00302008
1.28462 , 0.00289209
1.15049 , 0.00237282
1.04178 , 0.00233083
0.948989 , 0.00162262
0.871582 , 0.00191469
0.808043 , 0.00152773
0.758793 , 0.00178045
0.718637 , 0.00131708
0.685236 , 0.00122801
0.663526 , 0.00127837
0.644438 , 0.00147932
0.634043 , 0.00135634
0.630088 , 0.00178095
0.629166 , 0.00150468
0.633529 , 0.00144795
0.644706 , 0.0013517
0.660309 , 0.00154338
0.679198 , 0.00139307
0.705488 , 0.00187101
0.73725 , 0.00152683
0.769922 , 0.00140663
0.806685 , 0.00127837
0.84598 , 0.0014253
0.88602 , 0.00139525
0.925842 , 0.00141495
0.966522 , 0.00123355
1.00299 , 0.00156813
1.04167 , 0.00153295
1.07511 , 0.00151865
1.10465 , 0.00138684
1.12974 , 0.00128567
1.14611 , 0.00119531
1.15673 , 0.00137074
1.15803 , 0.0013687
1.15259 , 0.00109963
1.14073 , 0.00131718
1.12195 , 0.00135316
1.09842 , 0.00157814
1.07406 , 0.0013697
1.04586 , 0.00126493
1.01993 , 0.00135728
0.993268 , 0.00141944
0.96839 , 0.00116477
0.944324 , 0.00137308
0.923986 , 0.00122393
0.906221 , 0.00120652
0.891453 , 0.00113238
0.87991 , 0.00107044
0.870659 , 0.00107946
0.857766 , 0.0010961
0.849783 , 0.00131879
0.850644 , 0.00122627

29
0 , 0
0 , 0
0 , 0
0 , 0
0 , 0
0 , 0
0 , 0
0 , 0
0 , 0
0 , 0
0 , 0
0 , 0
0 , 0
0 , 0
0 , 0
0 , 0
0 , 0
0 , 0
0 , 0
0 , 0
0 , 0
0 , 0
0 , 0
0 , 0
0 , 0
0 , 0
0 , 0
0 , 0
0 , 0
0 , 0
0 , 0
0 , 0
0 , 0
1.79197e-05 , 7.90184e-06
0.00119365 , 5.29277e-05
0.0217417 , 0.000260655
0.149254 , 0.000980768
0.50794 , 0.0025121
1.08285 , 0.00344194
1.6881 , 0.00386911
2.12302 , 0.00374593
2.3247 , 0.00238422
2.32405 , 0.00222768
2.20421 , 0.00262404
2.01691 , 0.00234698
1.81317 , 0.00270888
1.61412 , 0.00251281
1.43475 , 0.00297059
1.28455 , 0.00279154
1.15088 , 0.00232213
1.04131 , 0.00229867
0.948601 , 0.00161298
0.871305 , 0.00186821
0.807875 , 0.00148363
0.758432 , 0.00175546
0.718702 , 0.00127253
0.685085 , 0.00119448
0.663596 , 0.0012355
0.644326 , 0.00143177
0.6341 , 0.00130999
0.63031 , 0.00173274
0.629417 , 0.00147338
0.633918 , 0.00145009
0.644921 , 0.00132192
0.660577 , 0.00151319
0.679376 , 0.00135594
0.705903 , 0.00185227
0.737159 , 0.00147603
0.770204 , 0.00138625
0.806795 , 0.00123844
0.846147 , 0.00138539
0.885992 , 0.00134656
0.925867 , 0.00136551
0.966541 , 0.0011904
1.00301 , 0.00151314
1.04131 , 0.00152403
1.07464 , 0.00154042
1.10454 , 0.00134255
1.129 , 0.00144545
1.14581 , 0.00119222
1.15636 , 0.00137445
1.15769 , 0.00136357
1.15234 , 0.00109103
1.14058 , 0.00127927
1.12196 , 0.00130572
1.09833 , 0.00152516
1.07424 , 0.00133392
1.0459 , 0.00122121
1.0201 , 0.00132049
0.993344 , 0.00137178
0.96858 , 0.00113974
0.944629 , 0.00135945
0.924056 , 0.00118307
0.906217 , 0.00116419
0.891707 , 0.00112171
0.880214 , 0.00107651
0.870601 , 0.00104321
0.857738 , 0.001058
0.849836 , 0.00127362
0.850675 , 0.00118364

30
0 , 0
0 , 0
0 , 0
0 , 0
0 , 0
0 , 0
0 , 0
0 , 0
0 , 0
0 , 0
0 , 0
0 , 0
0 , 0
0 , 0
0 , 0
0 , 0
0 , 0
0 , 0
0 , 0
0 , 0
0 , 0
0 , 0
0 , 0
0 , 0
0 , 0
0 , 0
0 , 0
0 , 0
0 , 0
0 , 0
0 , 0
0 , 0
0 , 0
1.73224e-05 , 7.65724e-06
0.00118664 , 5.16121e-05
0.0216198 , 0.000279758
0.149028 , 0.00097422
0.507483 , 0.00246959
1.08235 , 0.00336262
1.68693 , 0.00391781
2.12263 , 0.0036394
2.32496 , 0.0023178
2.32375 , 0.00217251
2.20427 , 0.00253573
2.01732 , 0.00230451
1.81359 , 0.00265033
1.61397 , 0.00243213
1.4348 , 0.00287046
1.28523 , 0.00278113
1.15099 , 0.00224644
1.0418 , 0.00227439
0.948716 , 0.00156251
0.871389 , 0.00180685
0.807974 , 0.00143671
0.758733 , 0.00172242
0.718802 , 0.00123343
0.685259 , 0.00116708
0.663442 , 0.00120348
0.644485 , 0.00139229
0.634146 , 0.00126641
0.630643 , 0.0017067
0.629507 , 0.00142628
0.633846 , 0.00140276
0.644696 , 0.00129687
0.660387 , 0.00147425
0.679481 , 0.00131418
0.706042 , 0.00179487
0.736823 , 0.00146509
0.770318 , 0.00134407
0.806974 , 0.00120976
0.845791 , 0.00138503
0.885683 , 0.00133711
0.925612 , 0.00134358
0.966296 , 0.00117571
1.00277 , 0.00148039
1.04107 , 0.00149129
1.07444 , 0.00150158
1.10451 , 0.00129737
1.12912 , 0.00140131
1.14566 , 0.00116145
1.15636 , 0.00132787
1.1577 , 0.00131739
1.15252 , 0.00106937
1.1407 , 0.00124141
1.12178 , 0.00127426
1.09841 , 0.00147579
1.0742 , 0.00128945
1.04598 , 0.001183
1.01999 , 0.00128002
0.993383 , 0.00132582
0.968923 , 0.00115337
0.944993 , 0.00136292
0.924318 , 0.00117252
0.906475 , 0.0011538
0.891928 , 0.00110599
0.880494 , 0.00107713
0.870932 , 0.00106077
0.858056 , 0.00107046
0.849945 , 0.00123524
0.850657 , 0.00114365

31
0 , 0
0 , 0
0 , 0
0 , 0
0 , 0
0 , 0
0 , 0
0 , 0
0 , 0
0 , 0
0 , 0
0 , 0
0 , 0
0 , 0
0 , 0
0 , 0
0 , 0
0 , 0
0 , 0
0 , 0
0 , 0
0 , 0
0 , 0
0 , 0
0 , 0
0 , 0
0 , 0
0 , 0
0 , 0
0 , 0
0 , 0
0 , 0
0 , 0
1.81605e-05 , 7.45339e-06
0.00122236 , 6.13852e-05
0.0216785 , 0.000276889
0.149071 , 0.00094327
0.507582 , 0.00239062
1.08282 , 0.00328602
1.68679 , 0.00379172
2.12305 , 0.00354478
2.32442 , 0.00230569
2.32341 , 0.00212885
2.20364 , 0.00253239
2.01712 , 0.00223797
1.81327 , 0.00258329
1.61397 , 0.00235237
1.43498 , 0.00278214
1.28525 , 0.00269003
1.1511 , 0.00217543
1.04216 , 0.00222935
0.948871 , 0.00151922
0.87184 , 0.00180479
0.80837 , 0.00144514
0.758945 , 0.00167943
0.719053 , 0.001219
0.685251 , 0.00112883
0.663048 , 0.00122905
0.644257 , 0.00136575
0.633963 , 0.00123851
0.630329 , 0.00168033
0.629342 , 0.00138932
0.633737 , 0.00136113
0.644678 , 0.00125447
0.66056 , 0.00143643
0.679639 , 0.00128087
0.706127 , 0.00173806
0.736943 , 0.00142214
0.770632 , 0.00133732
0.807053 , 0.00117275
0.845806 , 0.00133969
0.8856 , 0.00129591
0.925329 , 0.00132992
0.966083 , 0.00115691
1.00273 , 0.00143263
1.04073 , 0.00148254
1.07436 , 0.00145418
1.10436 , 0.00126344
1.12882 , 0.0013867
1.1456 , 0.00112463
1.15628 , 0.00128713
1.15773 , 0.00127452
1.15294 , 0.00111907
1.14096 , 0.0012286
1.12195 , 0.00124366
1.09845 , 0.00142781
1.0743 , 0.0012511
1.04636 , 0.001204
1.01984 , 0.00124745
0.993394 , 0.00128239
0.968995 , 0.00111784
0.944962 , 0.00131859
0.924214 , 0.00113882
0.906536 , 0.00111763
0.891991 , 0.00107159
0.880375 , 0.00104861
0.871038 , 0.00103151
0.858091 , 0.00103594
0.850003 , 0.00119615
0.850716 , 0.00110772

32
0 , 0
0 , 0
0 , 0
0 , 0
0 , 0
0 , 0
0 , 0
0 , 0
0 , 0
0 , 0
0 , 0
0 , 0
0 , 0
0 , 0
0 , 0
0 , 0
0 , 0
0 , 0
0 , 0
0 , 0
0 , 0
0 , 0
0 , 0
0 , 0
0 , 0
0 , 0
0 , 0
0 , 0
0 , 0
0 , 0
0 , 0
0 , 0
0 , 0
1.7593e-05 , 7.23899e-06
0.00121233 , 6.02771e-05
0.0217348 , 0.000273944
0.149115 , 0.000914384
0.507709 , 0.00231819
1.08336 , 0.0032273
1.68669 , 0.00367276
2.12357 , 0.00347046
2.32496 , 0.00229689
2.32346 , 0.00206177
2.20305 , 0.00252151
2.01618 , 0.00236141
1.81353 , 0.00251492
1.61374 , 0.00228957
1.43507 , 0.00269516
1.28472 , 0.00265948
1.15104 , 0.00210738
1.0417 , 0.00220594
0.948681 , 0.00148319
0.871801 , 0.0017479
0.80802 , 0.0014425
0.758636 , 0.00165528
0.718948 , 0.00118496
0.685352 , 0.00109768
0.662867 , 0.00120371
0.644152 , 0.00132651
0.63388 , 0.00120205
0.630512 , 0.00163727
0.629396 , 0.00134627
0.634275 , 0.00142354
0.644753 , 0.00121696
0.660827 , 0.00141613
0.680088 , 0.00131913
0.706357 , 0.00169863
0.73713 , 0.00138956
0.771019 , 0.00135129
0.807229 , 0.00114913
0.846269 , 0.00137714
0.885848 , 0.001279
0.925469 , 0.00129524
0.966262 , 0.00113433
1.00285 , 0.00139291
1.04069 , 0.00143586
1.07454 , 0.00141886
1.10437 , 0.00122332
1.12873 , 0.00134592
1.14576 , 0.00109969
1.15611 , 0.00125757
1.1577 , 0.00123454
1.1527 , 0.00110951
1.14041 , 0.00130809
1.12151 , 0.00128051
1.09809 , 0.00142716
1.0741 , 0.00122664
1.04604 , 0.00120868
1.01957 , 0.00123755
0.993251 , 0.00124989
0.968758 , 0.0011078
0.94473 , 0.00129749
0.924175 , 0.00110337
0.906463 , 0.00108459
0.891997 , 0.00103757
0.880274 , 0.00102026
0.871029 , 0.000998797
0.858177 , 0.00100677
0.850168 , 0.00116988
0.850801 , 0.00107589

33
0 , 0
0 , 0
0 , 0
0 , 0
0 , 0
0 , 0
0 , 0
0 , 0
0 , 0
0 , 0
0 , 0
0 , 0
0 , 0
0 , 0
0 , 0
0 , 0
0 , 0
0 , 0
0 , 0
0 , 0
0 , 0
0 , 0
0 , 0
0 , 0
0 , 0
0 , 0
0 , 0
0 , 0
0 , 0
0 , 0
0 , 0
0 , 0
0 , 0
1.70599e-05 , 7.03643e-06
0.00121159 , 5.84267e-05
0.0217231 , 0.000265775
0.148776 , 0.00094886
0.507355 , 0.00227447
1.08306 , 0.00314249
1.68656 , 0.00356217
2.1229 , 0.00342851
2.325 , 0.0022265
2.32361 , 0.00200412
2.203 , 0.00244445
2.01575 , 0.00232898
1.81344 , 0.00243915
1.6138 , 0.00221981
1.43532 , 0.0026237
1.28458 , 0.00258132
1.15119 , 0.00204836
1.04187 , 0.00214465
0.949028 , 0.00147893
0.871897 , 0.00169678
0.808605 , 0.00151559
0.758908 , 0.00162731
0.71912 , 0.00116144
0.685791 , 0.0011507
0.663136 , 0.0011974
0.644481 , 0.00132718
0.633854 , 0.00116533
0.630574 , 0.00158808
0.629515 , 0.00131031
0.634404 , 0.00138572
0.644868 , 0.0011851
0.660716 , 0.00137702
0.680078 , 0.00127857
0.706354 , 0.00164635
0.736939 , 0.00136024
0.771037 , 0.00130983
0.807076 , 0.00112435
0.845911 , 0.00138189
0.885294 , 0.00135779
0.925007 , 0.00133772
0.965789 , 0.00119689
1.00256 , 0.0013816
1.04022 , 0.00146941
1.07394 , 0.00150041
1.10388 , 0.00128004
1.12852 , 0.00132132
1.14589 , 0.00107461
1.15624 , 0.00122613
1.15774 , 0.00119714
1.15289 , 0.0010911
1.14071 , 0.0013013
1.12177 , 0.00126812
1.09827 , 0.00139509
1.07449 , 0.00124912
1.04632 , 0.00120592
1.01987 , 0.00123752
0.993655 , 0.00127691
0.968952 , 0.00109105
0.945076 , 0.00130424
0.924407 , 0.0010943
0.906592 , 0.00105912
0.892079 , 0.00100899
0.880224 , 0.000990135
0.870967 , 0.000970038
0.858193 , 0.000975906
0.850375 , 0.00115248
0.850968 , 0.00105614

34
0 , 0
0 , 0
0 , 0
0 , 0
0 , 0
0 , 0
0 , 0
0 , 0
0 , 0
0 , 0
0 , 0
0 , 0
0 , 0
0 , 0
0 , 0
0 , 0
0 , 0
0 , 0
0 , 0
0 , 0
0 , 0
0 , 0
0 , 0
0 , 0
0 , 0
0 , 0
0 , 0
0 , 0
0 , 0
0 , 0
0 , 0
0 , 0
0 , 0
1.65581e-05 , 6.84475e-06
0.00121451 , 5.67574e-05
0.0216994 , 0.000258923
0.148676 , 0.000925977
0.506808 , 0.0022735
1.08284 , 0.00305697
1.68603 , 0.00349519
2.12206 , 0.00343074
2.32521 , 0.00217018
2.32296 , 0.00204934
2.20346 , 0.00241569
2.01581 , 0.00226036
1.81417 , 0.00247389
1.61388 , 0.00215534
1.43537 , 0.00254607
1.28485 , 0.00251855
1.1513 , 0.00199016
1.04195 , 0.00208211
0.948891 , 0.00144134
0.871952 , 0.00164706
0.808749 , 0.00147734
0.758634 , 0.00160233
0.719119 , 0.00112676
0.685952 , 0.00112799
0.663019 , 0.00116754
0.644544 , 0.00128909
0.633882 , 0.00113088
0.630508 , 0.00154208
0.629638 , 0.00127707
0.634691 , 0.00137472
0.644747 , 0.00115608
0.66097 , 0.00135989
0.680304 , 0.00126085
0.706569 , 0.0016116
0.737092 , 0.00132848
0.770656 , 0.00132652
0.806777 , 0.00113094
0.845659 , 0.00136403
0.885155 , 0.0013246
0.924894 , 0.00130264
0.965527 , 0.00119034
1.00275 , 0.00135409
1.03995 , 0.00145146
1.0739 , 0.00145602
1.1038 , 0.00124493
1.12841 , 0.00128645
1.1459 , 0.00104253
1.15622 , 0.00118981
1.15772 , 0.00116145
1.15289 , 0.00105852
1.14108 , 0.00131536
1.12211 , 0.00127427
1.09843 , 0.00136213
1.07472 , 0.0012341
1.04644 , 0.00117563
1.02005 , 0.00121361
0.993757 , 0.00124303
0.968682 , 0.00109231
0.94508 , 0.0012653
0.924374 , 0.00106213
0.906487 , 0.0010329
0.891906 , 0.000993963
0.880211 , 0.000960665
0.870753 , 0.000965103
0.858176 , 0.000946921
0.850317 , 0.00111953
0.85106 , 0.00102874

35
0 , 0
0 , 0
0 , 0
0 , 0
0 , 0
0 , 0
0 , 0
0 , 0
0 , 0
0 , 0
0 , 0
0 , 0
0 , 0
0 , 0
0 , 0
0 , 0
0 , 0
0 , 0
0 , 0
0 , 0
0 , 0
0 , 0
0 , 0
0 , 0
0 , 0
0 , 0
0 , 0
0 , 0
0 , 0
0 , 0
0 , 0
0 , 0
0 , 0
1.60851e-05 , 6.66313e-06
0.00120673 , 5.56583e-05
0.0217259 , 0.000252807
0.148578 , 0.000904425
0.50683 , 0.0022077
1.08275 , 0.00296967
1.6861 , 0.00339459
2.12214 , 0.00333226
2.32545 , 0.00212078
2.32284 , 0.00199369
2.20377 , 0.00236551
2.01554 , 0.00221224
1.81421 , 0.00240251
1.61356 , 0.00211859
1.43553 , 0.00247699
1.2852 , 0.00247028
1.15134 , 0.00193287
1.04192 , 0.00202202
0.948544 , 0.0014419
0.871838 , 0.00160337
0.808842 , 0.00143751
0.75825 , 0.00160266
0.718929 , 0.00111054
0.686005 , 0.00109654
0.663302 , 0.00116834
0.644395 , 0.0012606
0.63409 , 0.0011177
0.630571 , 0.00149871
0.629813 , 0.0012524
0.634989 , 0.00136763
0.644969 , 0.00114437
0.660735 , 0.00134119
0.680273 , 0.0012247
0.706348 , 0.00158036
0.736788 , 0.00132531
0.770449 , 0.00130466
0.806837 , 0.00109982
0.845481 , 0.00133641
0.884894 , 0.00131228
0.924765 , 0.00127144
0.965441 , 0.00115903
1.00276 , 0.00131484
1.04004 , 0.00141236
1.07387 , 0.00141428
1.10387 , 0.00121116
1.12879 , 0.00130683
1.14591 , 0.00101244
1.15631 , 0.00115924
1.15786 , 0.00113611
1.15307 , 0.00104411
1.14105 , 0.00127744
1.12219 , 0.00123986
1.09857 , 0.0013307
1.07494 , 0.0012174
1.04644 , 0.00114154
1.02014 , 0.00118208
0.993623 , 0.00121447
0.96888 , 0.00107897
0.94516 , 0.00123122
0.924364 , 0.00103139
0.906609 , 0.00101045
0.891826 , 0.000968455
0.880201 , 0.000932865
0.870711 , 0.000938072
0.858126 , 0.000920779
0.850212 , 0.00109216
0.851109 , 0.00100009

36
0 , 0
0 , 0
0 , 0
0 , 0
0 , 0
0 , 0
0 , 0
0 , 0
0 , 0
0 , 0
0 , 0
0 , 0
0 , 0
0 , 0
0 , 0
0 , 0
0 , 0
0 , 0
0 , 0
0 , 0
0 , 0
0 , 0
0 , 0
0 , 0
0 , 0
0 , 0
0 , 0
0 , 0
0 , 0
0 , 0
0 , 0
0 , 0
0 , 0
1.56382e-05 , 6.49079e-06
0.00119824 , 5.47518e-05
0.0217369 , 0.00024593
0.148654 , 0.000882176
0.50731 , 0.00219848
1.08362 , 0.00301456
1.68717 , 0.00346771
2.12201 , 0.00324115
2.32533 , 0.00206435
2.3233 , 0.00199156
2.20343 , 0.00232295
2.01487 , 0.00224992
1.81393 , 0.00235135
1.61295 , 0.00214719
1.43535 , 0.00241385
1.28463 , 0.00246675
1.15079 , 0.00195689
1.04163 , 0.00198646
0.948179 , 0.00144808
0.871685 , 0.00156575
0.808544 , 0.00142826
0.757878 , 0.00160122
0.718679 , 0.00110782
0.685825 , 0.00108069
0.663102 , 0.00115291
0.644467 , 0.00122719
0.634368 , 0.00112118
0.631002 , 0.00151891
0.630409 , 0.00135513
0.635637 , 0.00147881
0.645673 , 0.00131642
0.66124 , 0.00139781
0.680797 , 0.00130057
0.706822 , 0.00160722
0.737023 , 0.00130926
0.770629 , 0.00128069
0.807116 , 0.00110444
0.845707 , 0.00131823
0.884913 , 0.00127544
0.924738 , 0.00123591
0.965101 , 0.00117669
1.00266 , 0.00128174
1.03979 , 0.00139558
1.07375 , 0.00137966
1.10354 , 0.00122394
1.12866 , 0.00127664
1.14557 , 0.00104049
1.15582 , 0.00122819
1.15748 , 0.00116745
1.15291 , 0.0010285
1.14071 , 0.00128662
1.12178 , 0.00127111
1.09838 , 0.00130735
1.0747 , 0.00120672
1.0463 , 0.00111829
1.02004 , 0.00115312
0.993441 , 0.00119413
0.968747 , 0.00105697
0.945241 , 0.00119925
0.924439 , 0.00100519
0.906601 , 0.000982011
0.891914 , 0.000945282
0.880456 , 0.000941806
0.871252 , 0.00106016
0.858568 , 0.000997826
0.850736 , 0.00118345
0.851417 , 0.00101965

37
0 , 0
0 , 0
0 , 0
0 , 0
0 , 0
0 , 0
0 , 0
0 , 0
0 , 0
0 , 0
0 , 0
0 , 0
0 , 0
0 , 0
0 , 0
0 , 0
0 , 0
0 , 0
0 , 0
0 , 0
0 , 0
0 , 0
0 , 0
0 , 0
0 , 0
0 , 0
0 , 0
0 , 0
0 , 0
0 , 0
0 , 0
0 , 0
0 , 0
1.52156e-05 , 6.32706e-06
0.00118468 , 5.49515e-05
0.0216634 , 0.000250233
0.148459 , 0.000879733
0.506999 , 0.00216074
1.08331 , 0.0029484
1.68664 , 0.00341474
2.1218 , 0.00315939
2.32555 , 0.00201951
2.32352 , 0.00194926
2.2032 , 0.00227149
2.01524 , 0.00221908
1.81461 , 0.00238702
1.61282 , 0.0020922
1.43571 , 0.00237595
1.28496 , 0.00242206
1.15108 , 0.00192544
1.04219 , 0.00201148
0.948401 , 0.00142586
0.872034 , 0.0015625
0.808462 , 0.00139156
0.757876 , 0.00155734
0.718536 , 0.00108689
0.685533 , 0.00109099
0.66313 , 0.00112168
0.644377 , 0.00119695
0.634189 , 0.00110513
0.630795 , 0.00149179
0.629826 , 0.00144113
0.635303 , 0.0014765
0.645364 , 0.00131722
0.660924 , 0.00139579
0.680617 , 0.00127768
0.706547 , 0.00158713
0.73705 , 0.00127366
0.770686 , 0.0012469
0.807232 , 0.00108042
0.845642 , 0.00128376
0.884887 , 0.00124075
0.925029 , 0.00123681
0.965267 , 0.00115654
1.00301 , 0.00129568
1.04021 , 0.00142272
1.07401 , 0.0013667
1.10333 , 0.00120779
1.12878 , 0.0012474
1.1459 , 0.00106302
1.15588 , 0.00119584
1.15759 , 0.0011402
1.15292 , 0.00100045
1.14075 , 0.00125185
1.12161 , 0.00124781
1.09848 , 0.00127544
1.07455 , 0.00118292
1.04634 , 0.00108847
1.02014 , 0.00112521
0.993525 , 0.00116446
0.968858 , 0.00103397
0.94498 , 0.0011952
0.92447 , 0.000978132
0.906622 , 0.000955335
0.891931 , 0.000919529
0.880317 , 0.000926432
0.871009 , 0.00105931
0.85843 , 0.000980306
0.85066 , 0.00115353
0.851304 , 0.000998093

38
0 , 0
0 , 0
0 , 0
0 , 0
0 , 0
0 , 0
0 , 0
0 , 0
0 , 0
0 , 0
0 , 0
0 , 0
0 , 0
0 , 0
0 , 0
0 , 0
0 , 0
0 , 0
0 , 0
0 , 0
0 , 0
0 , 0
0 , 0
0 , 0
0 , 0
0 , 0
0 , 0
0 , 0
0 , 0
0 , 0
0 , 0
0 , 0
0 , 0
1.48152e-05 , 6.17131e-06
0.00117291 , 5.47658e-05
0.021609 , 0.000249543
0.148471 , 0.000856349
0.50683 , 0.00210985
1.08333 , 0.00286982
1.68698 , 0.00334129
2.12196 , 0.00307922
2.32601 , 0.00202036
2.32401 , 0.00196055
2.20338 , 0.00221859
2.01488 , 0.00218985
1.81462 , 0.00232337
1.6129 , 0.00203814
1.43539 , 0.00233459
1.28458 , 0.00238854
1.15104 , 0.00187456
1.04219 , 0.00195784
0.948226 , 0.0013989
0.871899 , 0.00152683
0.808486 , 0.00135465
0.758 , 0.00152086
0.718449 , 0.00106144
0.685278 , 0.00109203
0.662893 , 0.00111709
0.644301 , 0.00116749
0.633941 , 0.00110375
0.630477 , 0.00148639
0.629673 , 0.00141104
0.635285 , 0.00143723
0.645247 , 0.00128743
0.660903 , 0.00135873
0.680928 , 0.00128193
0.706658 , 0.00154878
0.737181 , 0.00124654
0.77077 , 0.00121652
0.807341 , 0.0010573
0.845665 , 0.00124973
0.885147 , 0.0012352
0.925401 , 0.00125995
0.965666 , 0.00119421
1.00323 , 0.0012808
1.04038 , 0.00139534
1.07426 , 0.00135327
1.10357 , 0.00119994
1.12867 , 0.00121909
1.14596 , 0.00103669
1.15573 , 0.00117307
1.15752 , 0.00111147
1.15278 , 0.000983841
1.14049 , 0.0012462
1.12149 , 0.00122022
1.09848 , 0.00124143
1.07447 , 0.00115438
1.04631 , 0.00105999
1.02007 , 0.00109692
0.99339 , 0.0011415
0.968732 , 0.00101434
0.944892 , 0.00116659
0.92437 , 0.000957292
0.906562 , 0.00093181
0.891808 , 0.000903424
0.880216 , 0.00090736
0.870884 , 0.00103865
0.858241 , 0.000972534
0.850469 , 0.00113885
0.851128 , 0.000987391

39
0 , 0
0 , 0
0 , 0
0 , 0
0 , 0
0 , 0
0 , 0
0 , 0
0 , 0
0 , 0
0 , 0
0 , 0
0 , 0
0 , 0
0 , 0
0 , 0
0 , 0
0 , 0
0 , 0
0 , 0
0 , 0
0 , 0
0 , 0
0 , 0
0 , 0
0 , 0
0 , 0
0 , 0
0 , 0
0 , 0
0 , 0
0 , 0
0 , 0
1.77665e-05 , 6.69645e-06
0.00116489 , 5.39421e-05
0.0215963 , 0.000243393
0.148464 , 0.000834131
0.506646 , 0.00206327
1.0831 , 0.00280412
1.68707 , 0.00325577
2.12226 , 0.00301413
2.3255 , 0.00203276
2.32394 , 0.00191092
2.20286 , 0.00222229
2.01474 , 0.00213758
1.81458 , 0.00226332
1.61302 , 0.00198853
1.43576 , 0.00230275
1.28465 , 0.00232758
1.15125 , 0.00183844
1.04215 , 0.00190733
0.948081 , 0.00137022
0.871731 , 0.00149661
0.808505 , 0.00131961
0.757662 , 0.00151931
0.718557 , 0.00103943
0.685429 , 0.00107437
0.662966 , 0.00109048
0.644161 , 0.00114571
0.634197 , 0.0011051
0.630556 , 0.00144996
0.629675 , 0.00137439
0.635338 , 0.00140091
0.645678 , 0.001326
0.661059 , 0.00133253
0.68116 , 0.00126999
0.70681 , 0.00151617
0.737325 , 0.00122271
0.771062 , 0.00122027
0.80742 , 0.00103282
0.845672 , 0.00121728
0.885028 , 0.0012089
0.925415 , 0.00122729
0.965433 , 0.00118621
1.00301 , 0.0012679
1.04029 , 0.00136224
1.07389 , 0.00136841
1.10341 , 0.00118036
1.12819 , 0.00128232
1.14589 , 0.00101268
1.1557 , 0.00114314
1.15736 , 0.00109466
1.15253 , 0.000990078
1.14043 , 0.00121537
1.12122 , 0.0012192
1.09854 , 0.00121031
1.07422 , 0.00115112
1.04636 , 0.00103363
1.01998 , 0.00107226
0.993392 , 0.00111184
0.968791 , 0.000989761
0.94509 , 0.00115329
0.924508 , 0.000942612
0.906786 , 0.000934731
0.892072 , 0.000918853
0.880466 , 0.000918468
0.871163 , 0.00104959
0.858405 , 0.000961313
0.850717 , 0.0011368
0.851398 , 0.000999072

40
0 , 0
0 , 0
0 , 0
0 , 0
0 , 0
0 , 0
0 , 0
0 , 0
0 , 0
0 , 0
0 , 0
0 , 0
0 , 0
0 , 0
0 , 0
0 , 0
0 , 0
0 , 0
0 , 0
0 , 0
0 , 0
0 , 0
0 , 0
0 , 0
0 , 0
0 , 0
0 , 0
0 , 0
0 , 0
0 , 0
0 , 0
0 , 0
0 , 0
1.73224e-05 , 6.54199e-06
0.00115421 , 5.36515e-05
0.0215134 , 0.000251304
0.148237 , 0.000843988
0.506359 , 0.00203139
1.08294 , 0.0027379
1.68619 , 0.0032939
2.12207 , 0.00294399
2.32531 , 0.00199064
2.32391 , 0.00186283
2.20255 , 0.00218809
2.01489 , 0.00208902
1.81439 , 0.00221469
1.61355 , 0.00200949
1.43614 , 0.0022763
1.28519 , 0.00233171
1.15163 , 0.00183032
1.04275 , 0.00195305
0.948539 , 0.00141187
0.872085 , 0.00150086
0.808708 , 0.00130205
0.757867 , 0.00149486
0.71867 , 0.00101942
0.685487 , 0.00104874
0.662984 , 0.00106303
0.644129 , 0.00111718
0.634173 , 0.0010774
0.630472 , 0.00141574
0.629722 , 0.00134039
0.635309 , 0.00136576
0.645622 , 0.00129363
0.661155 , 0.00130237
0.68118 , 0.00123798
0.706497 , 0.00151053
0.736995 , 0.00123646
0.770644 , 0.00126044
0.806841 , 0.00116106
0.845009 , 0.00135923
0.88457 , 0.00126436
0.925011 , 0.00126266
0.96489 , 0.0012775
1.00281 , 0.00125142
1.04016 , 0.00133449
1.07377 , 0.00133942
1.10368 , 0.00118243
1.12832 , 0.0012565
1.1461 , 0.00100905
1.15613 , 0.00119536
1.15778 , 0.00114613
1.15282 , 0.00100721
1.14071 , 0.00121859
1.12164 , 0.0012611
1.09882 , 0.0012138
1.07453 , 0.00116335
1.04649 , 0.00101587
1.02028 , 0.00108774
0.993773 , 0.00114871
0.968923 , 0.000973769
0.945228 , 0.00113249
0.924538 , 0.000919234
0.906824 , 0.000911891
0.892241 , 0.000911302
0.880311 , 0.000908543
0.871269 , 0.00102842
0.858407 , 0.000936975
0.850625 , 0.00111184
0.851469 , 0.000976318

41
0 , 0
0 , 0
0 , 0
0 , 0
0 , 0
0 , 0
0 , 0
0 , 0
0 , 0
0 , 0
0 , 0
0 , 0
0 , 0
0 , 0
0 , 0
0 , 0
0 , 0
0 , 0
0 , 0
0 , 0
0 , 0
0 , 0
0 , 0
0 , 0
0 , 0
0 , 0
0 , 0
0 , 0
0 , 0
0 , 0
0 , 0
0 , 0
0 , 0
1.68999e-05 , 6.39441e-06
0.00115303 , 5.23398e-05
0.0214762 , 0.000247909
0.148072 , 0.000839563
0.506114 , 0.00199628
1.08255 , 0.00269849
1.68595 , 0.00322141
2.12221 , 0.00287473
2.32497 , 0.00197082
2.32404 , 0.00182175
2.20275 , 0.00214343
2.01505 , 0.00204354
1.8145 , 0.00216282
1.61385 , 0.001983
1.43668 , 0.00228577
1.28526 , 0.00227516
1.15191 , 0.00180728
1.04306 , 0.00192982
0.948635 , 0.00138036
0.872275 , 0.00147612
0.808875 , 0.00128085
0.757842 , 0.00145815
0.718514 , 0.00100647
0.685657 , 0.00103692
0.662943 , 0.00103761
0.644258 , 0.00109727
0.634277 , 0.00105593
0.630291 , 0.00139266
0.629466 , 0.00133199
0.635086 , 0.00135048
0.645448 , 0.00127363
0.660935 , 0.00128913
0.68109 , 0.00121073
0.706469 , 0.00147351
0.73661 , 0.00126592
0.770451 , 0.00124447
0.806915 , 0.00113478
0.84487 , 0.00133285
0.884621 , 0.0012342
0.925154 , 0.00123986
0.96479 , 0.00124998
1.00282 , 0.00122054
1.0404 , 0.00132458
1.07375 , 0.00130642
1.10385 , 0.0011661
1.12849 , 0.00123762
1.14632 , 0.00101002
1.15624 , 0.00117121
1.15781 , 0.00111831
1.15286 , 0.000983078
1.14064 , 0.00119057
1.12183 , 0.00124445
1.09885 , 0.00118416
1.07438 , 0.00114413
1.0466 , 0.000996911
1.02019 , 0.00106515
0.993725 , 0.00112138
0.968835 , 0.000953844
0.945233 , 0.00110454
0.924643 , 0.000902559
0.906805 , 0.000889589
0.892269 , 0.00088924
0.880171 , 0.000897088
0.871149 , 0.00101007
0.858406 , 0.000913837
0.850729 , 0.00108937
0.851294 , 0.000968116

42
0 , 0
0 , 0
0 , 0
0 , 0
0 , 0
0 , 0
0 , 0
0 , 0
0 , 0
0 , 0
0 , 0
0 , 0
0 , 0
0 , 0
0 , 0
0 , 0
0 , 0
0 , 0
0 , 0
0 , 0
0 , 0
0 , 0
0 , 0
0 , 0
0 , 0
0 , 0
0 , 0
0 , 0
0 , 0
0 , 0
0 , 0
0 , 0
0 , 0
1.75286e-05 , 6.27189e-06
0.00115582 , 5.11542e-05
0.021462 , 0.000242351
0.148019 , 0.000821044
0.505941 , 0.00195584
1.08254 , 0.00263348
1.68575 , 0.00314999
2.12256 , 0.00282815
2.3248 , 0.0019309
2.32463 , 0.00187075
2.20255 , 0.00210116
2.01487 , 0.00200274
1.81443 , 0.00211165
1.61371 , 0.00194034
1.43654 , 0.00223488
1.28474 , 0.00227847
1.15188 , 0.00176406
1.0428 , 0.00190111
0.948811 , 0.00135855
0.872198 , 0.00144259
0.809036 , 0.00126035
0.757974 , 0.00142917
0.71879 , 0.00102045
0.685736 , 0.00101499
0.662937 , 0.00101261
0.644473 , 0.0010922
0.634279 , 0.00103048
0.630265 , 0.00135934
0.629438 , 0.00130021
0.635049 , 0.00131846
0.645423 , 0.00124319
0.660842 , 0.00126151
0.681172 , 0.00118444
0.70645 , 0.00143811
0.736497 , 0.00124057
0.770591 , 0.00122253
0.806904 , 0.00110748
0.845058 , 0.00131417
0.884558 , 0.00120613
0.925087 , 0.00121184
0.96478 , 0.0012199
1.00283 , 0.00119118
1.04056 , 0.00130168
1.07373 , 0.00127506
1.10406 , 0.0011564
1.12841 , 0.00121047
1.14629 , 0.000986309
1.15603 , 0.0011629
1.15777 , 0.00109235
1.1528 , 0.000961345
1.1407 , 0.00116357
1.12181 , 0.00121471
1.09883 , 0.00115588
1.0744 , 0.00111681
1.04642 , 0.000988316
1.02006 , 0.00104773
0.993686 , 0.00109507
0.968803 , 0.0009314
0.945186 , 0.00107895
0.924594 , 0.000882128
0.906824 , 0.000868361
0.892076 , 0.000888906
0.8801 , 0.00087836
0.871128 , 0.00098597
0.858392 , 0.000891924
0.850797 , 0.0010653
0.851299 , 0.000944796

43
0 , 0
0 , 0
0 , 0
0 , 0
0 , 0
0 , 0
0 , 0
0 , 0
0 , 0
0 , 0
0 , 0
0 , 0
0 , 0
0 , 0
0 , 0
0 , 0
0 , 0
0 , 0
0 , 0
0 , 0
0 , 0
0 , 0
0 , 0
0 , 0
0 , 0
0 , 0
0 , 0
0 , 0
0 , 0
0 , 0
0 , 0
0 , 0
0 , 0
1.71209e-05 , 6.13785e-06
0.00117371 , 5.30598e-05
0.0214439 , 0.000237335
0.147852 , 0.000818934
0.505871 , 0.00191109
1.08246 , 0.00257273
1.68618 , 0.00310552
2.12241 , 0.00276587
2.32497 , 0.00189315
2.32485 , 0.00184038
2.20271 , 0.00205731
2.01463 , 0.00197019
1.8142 , 0.00207563
1.61361 , 0.00189723
1.43634 , 0.002192
1.28462 , 0.00222816
1.15166 , 0.00173643
1.0429 , 0.00185874
0.948427 , 0.00138123
0.872195 , 0.00140865
0.809286 , 0.00125579
0.758076 , 0.00139926
0.71885 , 0.000998213
0.685967 , 0.00101778
0.663046 , 0.000994713
0.644647 , 0.00108051
0.634368 , 0.00101016
0.63043 , 0.00133755
0.629514 , 0.00127188
0.635159 , 0.00129208
0.645353 , 0.00121595
0.660861 , 0.00123197
0.681245 , 0.00115886
0.706295 , 0.00141282
0.736646 , 0.00122047
0.770411 , 0.00120722
0.80669 , 0.0011025
0.845107 , 0.00128421
0.88448 , 0.00118031
0.92486 , 0.00120487
0.964693 , 0.00119432
1.00262 , 0.00118219
1.04044 , 0.0012766
1.07347 , 0.00127295
1.10401 , 0.00113034
1.12843 , 0.00118219
1.14628 , 0.000963108
1.15617 , 0.00114398
1.15787 , 0.00107115
1.15289 , 0.000943617
1.14097 , 0.0011664
1.12187 , 0.00118748
1.09901 , 0.00114353
1.07441 , 0.00109053
1.04638 , 0.000966165
1.01998 , 0.00102586
0.993654 , 0.00106978
0.968924 , 0.000917571
0.945117 , 0.00105579
0.924455 , 0.000872642
0.906833 , 0.000847978
0.892228 , 0.000881082
0.880046 , 0.000859397
0.871286 , 0.000975693
0.858486 , 0.000875974
0.850857 , 0.00104194
0.851299 , 0.000922562

44
0 , 0
0 , 0
0 , 0
0 , 0
0 , 0
0 , 0
0 , 0
0 , 0
0 , 0
0 , 0
0 , 0
0 , 0
0 , 0
0 , 0
0 , 0
0 , 0
0 , 0
0 , 0
0 , 0
0 , 0
0 , 0
0 , 0
0 , 0
0 , 0
0 , 0
0 , 0
0 , 0
0 , 0
0 , 0
0 , 0
0 , 0
0 , 0
0 , 0
1.67318e-05 , 6.00934e-06
0.00117776 , 5.19977e-05
0.021432 , 0.000232185
0.147839 , 0.000800211
0.505646 , 0.00188074
1.08257 , 0.00251599
1.6864 , 0.00304173
2.12223 , 0.00270839
2.32503 , 0.00185063
2.32465 , 0.00180948
2.20297 , 0.00202712
2.01449 , 0.00193015
1.81392 , 0.00204593
1.61358 , 0.00185388
1.43629 , 0.00214214
1.28449 , 0.00218101
1.15184 , 0.00170642
1.04289 , 0.00181601
0.948462 , 0.00134993
0.872428 , 0.00139582
0.809436 , 0.00123599
0.758149 , 0.00136904
0.719014 , 0.000988985
0.686145 , 0.00101022
0.663236 , 0.000990184
0.644739 , 0.00105973
0.634474 , 0.000992596
0.630369 , 0.00130824
0.629552 , 0.00124324
0.634996 , 0.00127281
0.645156 , 0.00120424
0.660772 , 0.00120691
0.681 , 0.00115839
0.706086 , 0.00139607
0.736509 , 0.00120019
0.770385 , 0.00117975
0.80633 , 0.00113561
0.845157 , 0.00125567
0.884522 , 0.00115394
0.924951 , 0.00118061
0.964622 , 0.00116901
1.00264 , 0.00115525
1.04056 , 0.00125333
1.0737 , 0.00126421
1.10416 , 0.00111555
1.12849 , 0.00115652
1.14648 , 0.000960387
1.15607 , 0.00112243
1.15793 , 0.00104852
1.15272 , 0.000938263
1.14092 , 0.00114042
1.12189 , 0.00116034
1.09903 , 0.00111739
1.07449 , 0.00106908
1.04643 , 0.000945219
1.01993 , 0.00100341
0.99373 , 0.00104799
0.968993 , 0.000899077
0.944869 , 0.00106089
0.924395 , 0.000854647
0.906882 , 0.000829892
0.892154 , 0.000863942
0.880071 , 0.000840024
0.871215 , 0.000955871
0.858633 , 0.000868337
0.850905 , 0.00101911
0.851333 , 0.000902025

45
0 , 0
0 , 0
0 , 0
0 , 0
0 , 0
0 , 0
0 , 0
0 , 0
0 , 0
0 , 0
0 , 0
0 , 0
0 , 0
0 , 0
0 , 0
0 , 0
0 , 0
0 , 0
0 , 0
0 , 0
0 , 0
0 , 0
0 , 0
0 , 0
0 , 0
0 , 0
0 , 0
0 , 0
0 , 0
0 , 0
0 , 0
0 , 0
0 , 0
1.73224e-05 , 5.90389e-06
0.00117344 , 5.10127e-05
0.0213757 , 0.000233835
0.147789 , 0.000783826
0.505971 , 0.00186704
1.0825 , 0.00246068
1.68667 , 0.00298588
2.12177 , 0.00268724
2.32526 , 0.00182394
2.32464 , 0.00176885
2.20337 , 0.00202268
2.01469 , 0.001898
1.81366 , 0.00201762
1.61388 , 0.00183684
1.43672 , 0.00213797
1.28471 , 0.00214348
1.15192 , 0.00167003
1.04287 , 0.0017753
0.948458 , 0.00131959
0.872673 , 0.00138619
0.809284 , 0.00121765
0.758104 , 0.00133904
0.719067 , 0.000968233
0.685869 , 0.00102553
0.663086 , 0.000979434
0.644578 , 0.00104844
0.634367 , 0.000976162
0.630176 , 0.00129329
0.629438 , 0.00122066
0.63494 , 0.00124547
0.644909 , 0.00120268
0.660643 , 0.0011868
0.680849 , 0.00114241
0.705998 , 0.00136751
0.736341 , 0.00118519
0.770332 , 0.00115444
0.806214 , 0.00111617
0.845175 , 0.00122757
0.884611 , 0.00113152
0.92494 , 0.00115413
0.964585 , 0.00114334
1.00296 , 0.001173
1.04057 , 0.00122522
1.0737 , 0.00123581
1.1043 , 0.00109913
1.12868 , 0.00114662
1.14679 , 0.000991087
1.15638 , 0.00114013
1.15814 , 0.00104686
1.15289 , 0.000933753
1.14124 , 0.00115925
1.12179 , 0.00113827
1.09894 , 0.00109615
1.07431 , 0.00106039
1.04633 , 0.000928936
1.0198 , 0.000989636
0.993594 , 0.00103351
0.968938 , 0.0008806
0.944846 , 0.0010373
0.924388 , 0.000835466
0.906748 , 0.0008221
0.892272 , 0.000852712
0.880078 , 0.000821169
0.871063 , 0.000946766
0.858561 , 0.00085185
0.850925 , 0.000996412
0.851325 , 0.000881795

46
0 , 0
0 , 0
0 , 0
0 , 0
0 , 0
0 , 0
0 , 0
0 , 0
0 , 0
0 , 0
0 , 0
0 , 0
0 , 0
0 , 0
0 , 0
0 , 0
0 , 0
0 , 0
0 , 0
0 , 0
0 , 0
0 , 0
0 , 0
0 , 0
0 , 0
0 , 0
0 , 0
0 , 0
0 , 0
0 , 0
0 , 0
0 , 0
0 , 0
1.69458e-05 , 5.78639e-06
0.00116841 , 5.0144e-05
0.0214316 , 0.000235421
0.147691 , 0.000772872
0.505919 , 0.00182675
1.08221 , 0.00242351
1.68645 , 0.00292819
2.12164 , 0.00263115
2.32555 , 0.00180613
2.32473 , 0.0017323
2.20258 , 0.00213126
2.01497 , 0.00187712
1.81387 , 0.00198408
1.6139 , 0.00179654
1.43686 , 0.0020955
1.28468 , 0.00209657
1.15213 , 0.00164679
1.04311 , 0.00175269
0.948617 , 0.00130037
0.872703 , 0.00135606
0.809367 , 0.00119374
0.758242 , 0.00131689
0.719101 , 0.000947532
0.685822 , 0.00100405
0.663055 , 0.000958403
0.644495 , 0.00102871
0.634107 , 0.000989577
0.630252 , 0.00126715
0.629365 , 0.00119605
0.634789 , 0.00122733
0.644803 , 0.00118105
0.660614 , 0.00116108
0.680906 , 0.00111875
0.705918 , 0.00133985
0.736465 , 0.00116575
0.770349 , 0.00112919
0.806245 , 0.00109208
0.845371 , 0.00121648
0.884624 , 0.00110672
0.924979 , 0.00112946
0.964347 , 0.00114339
1.00298 , 0.00114752
1.04049 , 0.00120127
1.07356 , 0.0012169
1.10432 , 0.00107516
1.12866 , 0.00112173
1.14697 , 0.000984697
1.15631 , 0.00111671
1.15814 , 0.00102385
1.15289 , 0.000913228
1.14116 , 0.00113689
1.12175 , 0.00111394
1.09894 , 0.00107206
1.07431 , 0.00103711
1.04626 , 0.000911366
1.01975 , 0.000969174
0.993726 , 0.00101946
0.969077 , 0.000872523
0.944885 , 0.00101525
0.924478 , 0.000821965
0.90684 , 0.000809256
0.892286 , 0.000834086
0.880175 , 0.000808989
0.871066 , 0.00092596
0.858483 , 0.000836768
0.850885 , 0.000975347
0.851367 , 0.000863456

47
0 , 0
0 , 0
0 , 0
0 , 0
0 , 0
0 , 0
0 , 0
0 , 0
0 , 0
0 , 0
0 , 0
0 , 0
0 , 0
0 , 0
0 , 0
0 , 0
0 , 0
0 , 0
0 , 0
0 , 0
0 , 0
0 , 0
0 , 0
0 , 0
0 , 0
0 , 0
0 , 0
0 , 0
0 , 0
0 , 0
0 , 0
0 , 0
0 , 0
1.65852e-05 , 5.6734e-06
0.00117667 , 4.97561e-05
0.0214479 , 0.000230936
0.147814 , 0.00076617
0.50614 , 0.00180105
1.08254 , 0.00239486
1.68695 , 0.00290717
2.12215 , 0.00262477
2.32561 , 0.00176822
2.32484 , 0.00169883
2.20217 , 0.00212478
2.01431 , 0.00195259
1.81342 , 0.00199136
1.61363 , 0.00177735
1.43668 , 0.00205857
1.28421 , 0.0021046
1.15206 , 0.00161277
1.04281 , 0.00174155
0.948476 , 0.00128022
0.872571 , 0.00133346
0.80948 , 0.00117351
0.758243 , 0.00128856
0.719306 , 0.000949602
0.686004 , 0.000999006
0.66316 , 0.000943603
0.644849 , 0.0010668
0.634408 , 0.00101415
0.630652 , 0.00130299
0.629679 , 0.00121161
0.634953 , 0.00121204
0.644767 , 0.00115621
0.660555 , 0.00113763
0.680944 , 0.00109532
0.705971 , 0.0013121
0.736411 , 0.00114196
0.770293 , 0.00110635
0.806208 , 0.00106922
0.845369 , 0.00119032
0.884527 , 0.00108728
0.924973 , 0.00110518
0.964401 , 0.00112011
1.00294 , 0.00112372
1.04042 , 0.00117766
1.07326 , 0.00122716
1.10419 , 0.0010601
1.12851 , 0.00110785
1.14689 , 0.000966856
1.1563 , 0.00109282
1.15809 , 0.00100332
1.15282 , 0.000896417
1.14105 , 0.00111765
1.12191 , 0.00110222
1.09894 , 0.00104901
1.07445 , 0.00102489
1.04646 , 0.00091436
1.01972 , 0.000948777
0.993913 , 0.00101481
0.969059 , 0.00085396
0.944895 , 0.000993472
0.92452 , 0.000805392
0.906828 , 0.00079194
0.89221 , 0.000819748
0.880099 , 0.0007952
0.871005 , 0.000908082
0.858451 , 0.000819391
0.850772 , 0.000961002
0.851307 , 0.000847055

48
0 , 0
0 , 0
0 , 0
0 , 0
0 , 0
0 , 0
0 , 0
0 , 0
0 , 0
0 , 0
0 , 0
0 , 0
0 , 0
0 , 0
0 , 0
0 , 0
0 , 0
0 , 0
0 , 0
0 , 0
0 , 0
0 , 0
0 , 0
0 , 0
0 , 0
0 , 0
0 , 0
0 , 0
0 , 0
0 , 0
0 , 0
0 , 0
0 , 0
1.62397e-05 , 5.56469e-06
0.00118032 , 4.88451e-05
0.0214385 , 0.000226269
0.147822 , 0.000750082
0.50609 , 0.00176384
1.0827 , 0.0023495
1.6871 , 0.00285013
2.12238 , 0.00257975
2.32545 , 0.0017377
2.3249 , 0.0016642
2.20189 , 0.00209935
2.01382 , 0.00197323
1.8129 , 0.00201683
1.61352 , 0.00174344
1.43674 , 0.00201621
1.28418 , 0.00206062
1.15197 , 0.00158181
1.04287 , 0.00170588
0.948618 , 0.00126136
0.872797 , 0.00132479
0.809448 , 0.00114924
0.758374 , 0.00126815
0.719395 , 0.000933898
0.68613 , 0.000986105
0.66333 , 0.000939408
0.645173 , 0.00109363
0.634546 , 0.00100222
0.63089 , 0.00129746
0.629804 , 0.00119265
0.63509 , 0.00119436
0.645059 , 0.00116902
0.660611 , 0.00111511
0.680935 , 0.0010723
0.70587 , 0.00128844
0.73621 , 0.00113583
0.770099 , 0.00110021
0.805976 , 0.00107211
0.84523 , 0.00117344
0.88416 , 0.00112582
0.924817 , 0.00109307
0.964038 , 0.00115514
1.00284 , 0.00110489
1.04027 , 0.00116241
1.07323 , 0.00120172
1.10414 , 0.00103925
1.12842 , 0.00108815
1.1469 , 0.0009466
1.1565 , 0.00108862
1.1582 , 0.000988415
1.15285 , 0.000878107
1.14122 , 0.00110789
1.12208 , 0.00109131
1.09913 , 0.00104312
1.07459 , 0.00101279
1.04656 , 0.000900603
1.0198 , 0.000931908
0.993896 , 0.000993587
0.969034 , 0.000836352
0.944996 , 0.000977743
0.92447 , 0.000790025
0.906754 , 0.00077879
0.892244 , 0.00080324
0.880061 , 0.000779411
0.871024 , 0.000889167
0.85847 , 0.00080236
0.850983 , 0.000964171
0.8513 , 0.000829242

49
0 , 0
0 , 0
0 , 0
0 , 0
0 , 0
0 , 0
0 , 0
0 , 0
0 , 0
0 , 0
0 , 0
0 , 0
0 , 0
0 , 0
0 , 0
0 , 0
0 , 0
0 , 0
0 , 0
0 , 0
0 , 0
0 , 0
0 , 0
0 , 0
0 , 0
0 , 0
0 , 0
0 , 0
0 , 0
0 , 0
0 , 0
0 , 0
0 , 0
1.59083e-05 , 5.46001e-06
0.00118717 , 4.83251e-05
0.0214152 , 0.000222823
0.147791 , 0.00073525
0.50573 , 0.00176456
1.08264 , 0.00230173
1.68683 , 0.00280451
2.12231 , 0.0025276
2.32612 , 0.00182776
2.32546 , 0.00172351
2.20188 , 0.00205607
2.01426 , 0.00198175
1.81307 , 0.0019818
1.61369 , 0.00171528
1.43675 , 0.00197465
1.28396 , 0.00202923
1.15183 , 0.00155477
1.04267 , 0.00168224
0.948329 , 0.00126886
0.872879 , 0.00130009
0.809322 , 0.00113255
0.758188 , 0.00125583
0.719476 , 0.000918223
0.685988 , 0.000976166
0.663212 , 0.000927613
0.644817 , 0.00112888
0.634369 , 0.000997297
0.630854 , 0.0012712
0.629752 , 0.00116918
0.635129 , 0.00117038
0.645058 , 0.00114491
0.660619 , 0.00109214
0.681095 , 0.00106227
0.706141 , 0.00129051
0.736366 , 0.00112332
0.770159 , 0.00107919
0.806276 , 0.00109183
0.845413 , 0.00116366
0.884284 , 0.00110958
0.924898 , 0.00107354
0.964256 , 0.00115214
1.00275 , 0.00108569
1.04005 , 0.00115859
1.07302 , 0.0011964
1.10411 , 0.0010183
1.12835 , 0.00106767
1.14703 , 0.000935369
1.15647 , 0.00106648
1.15828 , 0.000972006
1.15275 , 0.000865875
1.14116 , 0.00108703
1.1221 , 0.00106898
1.09921 , 0.00102469
1.0745 , 0.000995736
1.04653 , 0.000882501
1.01967 , 0.000922602
0.993815 , 0.000976494
0.968884 , 0.00083262
0.944818 , 0.00097386
0.924445 , 0.000774141
0.906798 , 0.000763974
0.892261 , 0.000786859
0.880063 , 0.000763342
0.871109 , 0.00087496
0.858435 , 0.000786615
0.851011 , 0.000944697
0.85135 , 0.000813632

50
0 , 0
0 , 0
0 , 0
0 , 0
0 , 0
0 , 0
0 , 0
0 , 0
0 , 0
0 , 0
0 , 0
0 , 0
0 , 0
0 , 0
0 , 0
0 , 0
0 , 0
0 , 0
0 , 0
0 , 0
0 , 0
0 , 0
0 , 0
0 , 0
0 , 0
0 , 0
0 , 0
0 , 0
0 , 0
0 , 0
0 , 0
0 , 0
0 , 0
1.55901e-05 , 5.35915e-06
0.0011921 , 4.7605e-05
0.0214146 , 0.000218322
0.147799 , 0.000720442
0.505796 , 0.00173016
1.08273 , 0.00225692
1.68707 , 0.00275856
2.12257 , 0.00249035
2.32628 , 0.00179828
2.32514 , 0.00171932
2.20221 , 0.00204103
2.01411 , 0.00194732
1.81268 , 0.00198007
1.61349 , 0.00169195
1.43664 , 0.00193761
1.28387 , 0.00199032
1.15162 , 0.00153837
1.04269 , 0.00164836
0.948328 , 0.00124322
0.87293 , 0.00127484
0.809431 , 0.001115
0.758533 , 0.00127793
0.719703 , 0.000927794
0.686069 , 0.000959878
0.66333 , 0.000916457
0.644741 , 0.00110866
0.634227 , 0.000987459
0.630883 , 0.00124585
0.629681 , 0.00114776
0.635065 , 0.0011485
0.644973 , 0.00112497
0.660785 , 0.00108291
0.681113 , 0.00104097
0.706088 , 0.00126553
0.736279 , 0.00110412
0.769954 , 0.00107717
0.80614 , 0.00107836
0.845195 , 0.00116089
0.8843 , 0.00108728
0.924791 , 0.00105727
0.964342 , 0.00113217
1.00279 , 0.00106472
1.03998 , 0.00113777
1.07308 , 0.00117371
1.10425 , 0.00100767
1.12842 , 0.00104797
1.14721 , 0.000934251
1.15652 , 0.00104602
1.15827 , 0.000952447
1.15283 , 0.00085215
1.14113 , 0.00106545
1.12197 , 0.00105547
1.09928 , 0.00100652
1.07446 , 0.000976515
1.04662 , 0.000869202
1.01971 , 0.000905108
0.993763 , 0.000958137
0.968898 , 0.000815912
0.944895 , 0.000957256
0.924445 , 0.000758501
0.906814 , 0.000748712
0.892248 , 0.000771078
0.880144 , 0.000752275
0.871207 , 0.000862843
0.858453 , 0.00077095
0.851078 , 0.000928042
0.851352 , 0.000797196
