1 , 1.1595 , 1.1595 , 0
2 , 1.38817 , 1.27384 , 0.114336
3 , 1.48501 , 1.34423 , 0.0965009
4 , 1.42758 , 1.36507 , 0.0713477
5 , 1.45344 , 1.38274 , 0.0580232
6 , 1.37863 , 1.38206 , 0.0473807
7 , 1.44568 , 1.39114 , 0.0410626
8 , 1.32796 , 1.38325 , 0.0364277
9 , 1.38042 , 1.38293 , 0.0321278
10 , 1.36646 , 1.38128 , 0.0287831
11 , 1.44073 , 1.38669 , 0.0265903
12 , 1.40064 , 1.38785 , 0.0243013
13 , 1.40535 , 1.3892 , 0.0223945
14 , 1.5086 , 1.39773 , 0.0224188
15 , 1.40218 , 1.39802 , 0.0208728
16 , 1.395 , 1.39783 , 0.0195257
17 , 1.33284 , 1.39401 , 0.0187354
18 , 1.50729 , 1.4003 , 0.0187515
19 , 1.33571 , 1.3969 , 0.01806
20 , 1.4421 , 1.39916 , 0.0172816
21 , 1.36794 , 1.39768 , 0.0165052
22 , 1.49758 , 1.40222 , 0.0163792
23 , 1.34637 , 1.39979 , 0.0158381
24 , 1.38938 , 1.39936 , 0.0151701
25 , 1.50578 , 1.40361 , 0.0151606
26 , 1.35454 , 1.40173 , 0.0146876
27 , 1.35959 , 1.40017 , 0.014219
28 , 1.32957 , 1.39764 , 0.0139318
29 , 1.35065 , 1.39602 , 0.0135402
30 , 1.28212 , 1.39223 , 0.0136209
31 , 1.41768 , 1.39305 , 0.0131998
32 , 1.44506 , 1.39467 , 0.0128836
33 , 1.31761 , 1.39234 , 0.0127036
34 , 1.30915 , 1.38989 , 0.0125648
35 , 1.39202 , 1.38995 , 0.0122007
36 , 1.50081 , 1.39303 , 0.0122502
37 , 1.31128 , 1.39082 , 0.0121177
38 , 1.40358 , 1.39116 , 0.0117993
39 , 1.36129 , 1.39039 , 0.0115182
40 , 1.27634 , 1.38754 , 0.011583
41 , 1.31554 , 1.38578 , 0.0114327
42 , 1.37237 , 1.38546 , 0.0111617
43 , 1.37925 , 1.38532 , 0.0109
44 , 1.37046 , 1.38498 , 0.0106547
45 , 1.39546 , 1.38522 , 0.0104179
46 , 1.34701 , 1.38439 , 0.0102227
47 , 1.46753 , 1.38615 , 0.010158
48 , 1.3935 , 1.38631 , 0.00994533
49 , 1.35218 , 1.38561 , 0.00976512
50 , 1.41696 , 1.38624 , 0.00958834
