0 , 0.000797196
0 , 0.000797196
0 , 0.000797196
0 , 0.000797196
0 , 0.000797196
0 , 0.000797196
0 , 0.000797196
0 , 0.000797196
0 , 0.000797196
0 , 0.000797196
0 , 0.000797196
0 , 0.000797196
0 , 0.000797196
0 , 0.000797196
0 , 0.000797196
0 , 0.000797196
0 , 0.000797196
0 , 0.000797196
0 , 0.000797196
0 , 0.000797196
0 , 0.000797196
0 , 0.000797196
0 , 0.000797196
0 , 0.000797196
0 , 0.000797196
0 , 0.000797196
0 , 0.000797196
0 , 0.000797196
0 , 0.000797196
0 , 0.000797196
0 , 0.000797196
0 , 0.000797196
0 , 0.000797196
1.55901e-05 , 0.000797196
0.0011921 , 0.000797196
0.0214146 , 0.000797196
0.147799 , 0.000797196
0.505796 , 0.000797196
1.08273 , 0.000797196
1.68707 , 0.000797196
2.12257 , 0.000797196
2.32628 , 0.000797196
2.32514 , 0.000797196
2.20221 , 0.000797196
2.01411 , 0.000797196
1.81268 , 0.000797196
1.61349 , 0.000797196
1.43664 , 0.000797196
1.28387 , 0.000797196
1.15162 , 0.000797196
1.04269 , 0.000797196
0.948328 , 0.000797196
0.87293 , 0.000797196
0.809431 , 0.000797196
0.758533 , 0.000797196
0.719703 , 0.000797196
0.686069 , 0.000797196
0.66333 , 0.000797196
0.644741 , 0.000797196
0.634227 , 0.000797196
0.630883 , 0.000797196
0.629681 , 0.000797196
0.635065 , 0.000797196
0.644973 , 0.000797196
0.660785 , 0.000797196
0.681113 , 0.000797196
0.706088 , 0.000797196
0.736279 , 0.000797196
0.769954 , 0.000797196
0.80614 , 0.000797196
0.845195 , 0.000797196
0.8843 , 0.000797196
0.924791 , 0.000797196
0.964342 , 0.000797196
1.00279 , 0.000797196
1.03998 , 0.000797196
1.07308 , 0.000797196
1.10425 , 0.000797196
1.12842 , 0.000797196
1.14721 , 0.000797196
1.15652 , 0.000797196
1.15827 , 0.000797196
1.15283 , 0.000797196
1.14113 , 0.000797196
1.12197 , 0.000797196
1.09928 , 0.000797196
1.07446 , 0.000797196
1.04662 , 0.000797196
1.01971 , 0.000797196
0.993763 , 0.000797196
0.968898 , 0.000797196
0.944895 , 0.000797196
0.924445 , 0.000797196
0.906814 , 0.000797196
0.892248 , 0.000797196
0.880144 , 0.000797196
0.871207 , 0.000797196
0.858453 , 0.000797196
0.851078 , 0.000797196
0.851352 , 0.000797196
