-6.65046
-6.64754
-6.62974
-6.61937
-6.60933
-6.59929
-6.59314
-6.58957
-6.5873
-6.58567
-6.58276
-6.58179
-6.58049
-6.57888
-6.57953
-6.57986
-6.57954
-6.57792
-6.57857
-6.57857
-6.57663
-6.5763
-6.57922
-6.58019
-6.57986
-6.57824
-6.57792
-6.57889
-6.58115
-6.58245
-6.58407
-6.58342
-6.58342
-6.58213
-6.58051
-6.58051
-6.58083
-6.58148
-6.58051
-6.57986
-6.58083
-6.58083
-6.58245
-6.58537
-6.58537
-6.58569
-6.58537
-6.58537
-6.58602
-6.58666
-6.01122
-6.00927
-6.00733
-6.007
-6.00603
-6.00797
-6.00764
-6.0057
-6.00635
-6.00246
-6.00182
-5.99988
-6.00214
-6.00247
-6.00117
-6.00053
-6.00118
-6.0015
-6.0015
-6.00085
-6.00215
-6.00377
-6.00215
-6.0015
-6.00182
-6.00117
-6.0002
-5.99955
-6.0002
-5.99988
-6.00247
-6.00279
-6.00441
-6.00506
-6.00571
-6.00603
-6.00344
-6.00215
-6.00312
-6.00377
-6.00571
-6.00539
-6.00409
-6.00215
-6.00344
-6.00279
-6.00344
-6.00538
-6.00182
-6.00085
-5.66585
-5.6652
-5.6652
-5.66325
-5.66357
-5.66195
-5.66066
-5.65872
-5.65807
-5.65807
-5.66002
-5.66099
-5.66228
-5.66034
-5.66261
-5.66488
-5.66488
-5.66326
-5.66391
-5.66293
-5.66196
-5.66067
-5.66325
-5.6639
-5.66422
-5.66649
-5.66552
-5.66488
-5.6652
-5.6665
-5.66617
-5.6652
-5.6652
-5.66649
-5.66649
-5.66746
-5.66843
-5.66681
-5.66681
-5.66811
-5.66714
-5.66811
-5.66779
-5.66617
-5.6652
-5.66552
-5.6639
-5.6639
-5.66325
-5.66422
-5.48945
-5.48978
-5.48913
-5.48848
-5.48913
-5.48621
-5.48653
-5.48815
-5.48912
-5.48847
-5.4888
-5.49074
-5.48977
-5.48912
-5.48751
-5.48589
-5.48783
-5.48848
-5.4888
-5.4875
-5.48815
-5.4888
-5.49171
-5.49269
-5.4901
-5.49236
-5.49171
-5.49139
-5.49074
-5.49009
-5.49074
-5.49333
-5.49106
-5.49106
-5.49074
-5.4901
-5.4901
-5.49204
-5.48978
-5.49042
-5.49075
-5.49269
-5.49269
-5.49237
-5.49269
-5.49301
-5.49107
-5.49074
-5.48977
-5.48751
-5.38149
-5.38085
-5.37987
-5.38149
-5.37955
-5.37858
-5.38214
-5.38312
-5.38409
-5.38312
-5.38668
-5.38668
-5.3883
-5.38895
-5.38668
-5.38992
-5.39122
-5.3896
-5.38927
-5.39056
-5.38927
-5.39056
-5.387
-5.38441
-5.38408
-5.38085
-5.38279
-5.3815
-5.3815
-5.38085
-5.38118
-5.38021
-5.38086
-5.37859
-5.37729
-5.37794
-5.37729
-5.37858
-5.37923
-5.37923
-5.37955
-5.38117
-5.38085
-5.38117
-5.38117
-5.38182
-5.38247
-5.38247
-5.38182
-5.38182
-5.47084
-5.47149
-5.47375
-5.47246
-5.47116
-5.46954
-5.46825
-5.47116
-5.47116
-5.47245
-5.47148
-5.47116
-5.47116
-5.47052
-5.47181
-5.47246
-5.47051
-5.47051
-5.47083
-5.46954
-5.47148
-5.4718
-5.4718
-5.47375
-5.47407
-5.47148
-5.47278
-5.47278
-5.47407
-5.47375
-5.47375
-5.47666
-5.47343
-5.47278
-5.47375
-5.47408
-5.47408
-5.4744
-5.47408
-5.47181
-5.47181
-5.47051
-5.47083
-5.47212
-5.47407
-5.47504
-5.47439
-5.4744
-5.47375
-5.47246
-5.48705
-5.48576
-5.48609
-5.48771
-5.48706
-5.48706
-5.48835
-5.49094
-5.49158
-5.48964
-5.48737
-5.48705
-5.48543
-5.48543
-5.48511
-5.48511
-5.48543
-5.48381
-5.48252
-5.48252
-5.48188
-5.48349
-5.48544
-5.48381
-5.48446
-5.48478
-5.48607
-5.48672
-5.48737
-5.4877
-5.49029
-5.489
-5.4877
-5.48641
-5.48738
-5.48705
-5.48737
-5.48673
-5.48867
-5.48802
-5.48867
-5.48641
-5.48414
-5.48576
-5.48867
-5.48867
-5.48964
-5.48802
-5.48673
-5.48641
-5.51582
-5.51614
-5.51549
-5.51323
-5.51452
-5.51549
-5.51451
-5.51386
-5.51484
-5.51581
-5.51743
-5.51872
-5.51646
-5.51775
-5.51905
-5.5184
-5.5184
-5.5184
-5.51937
-5.51937
-5.51937
-5.51905
-5.51807
-5.51613
-5.51613
-5.51645
-5.51613
-5.51872
-5.5184
-5.51516
-5.51775
-5.51872
-5.5184
-5.5171
-5.5171
-5.51775
-5.5184
-5.51743
-5.51711
-5.51743
-5.5184
-5.51807
-5.51904
-5.51969
-5.51645
-5.5171
-5.5171
-5.5184
-5.51969
-5.52066
-5.48347
-5.48185
-5.48218
-5.48185
-5.48412
-5.48315
-5.48283
-5.48088
-5.48186
-5.48089
-5.48153
-5.48088
-5.48056
-5.48282
-5.48088
-5.47991
-5.47894
-5.47797
-5.4783
-5.47927
-5.48057
-5.4796
-5.47927
-5.47863
-5.47895
-5.47765
-5.47701
-5.47765
-5.47636
-5.47571
-5.47571
-5.47636
-5.47701
-5.4796
-5.47959
-5.47603
-5.47636
-5.47733
-5.47766
-5.4783
-5.47992
-5.48089
-5.48219
-5.48284
-5.47992
-5.4809
-5.48025
-5.48219
-5.48251
-5.48122
-5.41089
-5.41283
-5.41186
-5.41089
-5.40992
-5.4096
-5.41219
-5.41057
-5.40927
-5.41122
-5.41219
-5.41283
-5.41121
-5.41315
-5.41186
-5.41024
-5.40959
-5.40992
-5.40959
-5.41121
-5.40927
-5.41057
-5.40895
-5.40765
-5.4083
-5.4083
-5.40636
-5.40474
-5.40539
-5.40539
-5.40474
-5.40474
-5.40571
-5.40765
-5.40895
-5.40862
-5.40733
-5.40895
-5.40733
-5.40863
-5.40927
-5.40765
-5.40765
-5.40765
-5.40798
-5.40733
-5.40571
-5.40506
-5.40636
-5.40506
